nep4 2 B As 
cutoff 6 4 71 28
n_max 8 4
basis_size 10 8
l_max 4 2 0
ANN 50 0
  6.3519329e-02
  1.1008489e-01
  1.5794429e-01
  1.3449323e-01
  1.1617291e-02
 -3.5985846e-03
  2.5950428e-02
  4.2693447e-02
  8.9213155e-02
 -1.8637033e-02
  2.3357272e-02
 -2.8718032e-03
  6.9235526e-02
 -6.1083231e-03
 -2.4234334e-02
  8.6421929e-02
  7.6498479e-02
  4.2795327e-02
  3.0355725e-02
 -2.9237904e-03
 -5.5344991e-02
 -1.6322788e-02
 -7.5259297e-03
  3.0896774e-02
 -2.3890963e-02
 -3.3131987e-02
 -6.8013094e-02
 -5.1419392e-02
  1.2053100e-01
  6.7239322e-02
 -5.3563006e-02
  8.0563001e-02
 -1.1475510e-01
  4.7469284e-02
  3.3031735e-01
 -2.2200147e-02
 -2.7390148e-02
 -9.4958469e-02
  1.6855837e-01
 -3.5130221e-02
  3.6634363e-02
  9.1623850e-03
  4.3530177e-02
  5.2430235e-02
 -3.1985506e-02
 -6.5978423e-02
 -8.0295511e-02
  1.9228299e-03
 -8.0180801e-03
 -1.0137517e-01
  2.1991886e-02
  1.4329856e-02
  1.7637104e-02
 -1.3688046e-02
  1.0362253e-01
 -1.0448093e-01
  5.8726179e-03
  1.7507697e-02
  2.1079531e-02
 -4.1100919e-02
 -5.3594019e-02
 -2.7172379e-02
 -7.8665480e-02
  5.4287329e-02
  7.8354567e-02
 -1.9621696e-02
 -3.5735346e-02
 -9.5154848e-03
 -1.1846729e-01
 -7.3810823e-02
 -8.0124386e-02
 -5.1703643e-02
  8.2743905e-02
 -2.1325343e-03
  2.5824154e-02
  2.4176294e-02
  7.4547909e-02
 -5.7456143e-02
  1.2150100e-02
  1.3281753e-02
  3.5318132e-02
 -4.2159714e-02
  3.0016609e-02
 -8.8001713e-03
 -9.2944235e-02
 -1.0564197e-01
  4.8383098e-02
 -5.6710836e-02
  7.0907041e-02
 -1.1696271e-03
 -8.9155138e-02
 -4.9502283e-02
  6.8260670e-02
 -6.2643841e-02
  6.2360454e-02
 -1.1057100e-02
  9.9273017e-03
  7.7741519e-03
  3.3020902e-02
 -1.0707834e-01
  2.3591971e-02
  4.4948608e-02
 -3.0605724e-02
 -1.7081551e-01
  4.0994063e-01
 -1.1830796e-01
  3.8157764e-01
 -1.4766735e-01
  4.8511681e-01
  1.1620134e+00
 -9.7199875e-01
 -9.0253413e-02
  2.4211559e-01
  8.8606179e-02
  3.2296786e-01
  5.1591665e-01
  3.3651881e-02
 -1.3548139e-01
  3.2946017e-02
  4.9391251e-02
  1.0076745e-01
 -6.5872096e-02
  9.0113051e-02
 -2.0945176e-01
 -8.2732690e-03
  7.6203726e-02
  7.9031818e-02
  3.4107852e-03
 -3.9668012e-02
 -3.8721234e-02
 -1.9149967e-01
  4.4421587e-02
  5.6525122e-02
 -1.4366773e-01
  6.7906521e-02
  2.7220391e-02
 -4.2688489e-02
 -4.0214665e-02
 -5.2222677e-02
  4.4728111e-02
 -2.1164831e-02
 -7.0446521e-02
  5.5607282e-02
  2.3166820e-02
  5.0568577e-02
 -1.9019179e-02
 -1.5401566e-02
  1.0263657e-01
  3.1171946e-02
 -5.7055537e-02
 -2.9205840e-02
  5.3332087e-02
  4.7758088e-02
  3.1045709e-02
 -3.9327282e-05
 -5.2474275e-02
  7.0042223e-02
 -5.5280484e-02
 -1.0024672e-02
  2.7655747e-02
  2.0905118e-02
 -4.9306317e-03
 -2.5220972e-02
 -1.1391115e-02
  3.6204819e-02
 -4.4025455e-02
 -3.0556206e-02
 -3.1144349e-02
  7.4976222e-03
  4.4765286e-03
  2.4886718e-01
  2.6124480e-01
  1.8908499e-01
  3.8325420e-01
 -3.6464345e-02
  6.6646218e-02
  4.4187833e-02
  1.5525776e-01
 -4.0360934e-01
  1.3001196e-01
 -8.7447822e-02
  8.7655261e-02
 -3.9138088e-01
 -6.0727710e-01
 -4.0057239e-01
 -1.1942367e-02
 -1.9292726e-01
  4.3060640e-01
  8.4193103e-02
 -2.3073499e-01
 -3.0735469e-01
 -1.4707017e-01
  3.8068017e-01
  1.9252655e-01
 -1.3713594e-01
 -1.1566865e-01
 -4.2180306e-01
  2.1485208e-01
  3.7557966e-01
 -4.8898946e-02
 -2.0021673e-01
  7.3709330e-03
 -1.6692163e-01
 -6.1668284e-02
  1.0793269e-01
 -7.9037761e-03
  6.1342664e-02
 -8.0432616e-02
  6.6934959e-03
  2.6457256e-02
  5.4282129e-02
  5.2760698e-02
 -2.6929535e-02
 -2.6832396e-02
 -6.5913044e-02
 -2.9408121e-02
 -8.4252641e-02
 -1.8753525e-02
  3.9276112e-02
  6.3490622e-02
  4.0754847e-02
  6.6076890e-02
 -2.5099631e-02
 -1.1004885e-02
 -7.7171788e-02
  4.0582374e-02
  1.0124438e-01
  1.9176111e-02
 -2.2320140e-02
 -7.1417745e-03
  7.7645928e-02
 -2.0224532e-02
  1.2593721e-02
  6.7640729e-03
 -8.2680106e-02
 -1.1164422e-02
 -1.5445529e-02
  5.7693977e-02
  3.5995025e-02
 -1.7342515e-02
  6.7422189e-02
  4.6622518e-02
  8.1269860e-02
 -8.0916710e-02
  6.2166724e-02
 -1.2873046e-02
 -2.8471930e-02
  5.8904258e-03
 -4.9546223e-02
 -9.8091133e-02
 -2.9869631e-02
  4.3080151e-02
  2.2980256e-02
 -9.5193699e-02
 -4.6369772e-02
 -8.9103810e-02
  1.2505835e-02
  7.1395688e-02
 -2.9716082e-02
  1.2147443e-02
  3.1966481e-02
 -1.4604343e-01
 -1.6196659e-02
 -7.3290884e-02
 -8.5358946e-03
 -4.8521738e-03
 -1.0721983e-01
  1.4477747e-02
 -1.4592412e-02
 -2.1415759e-02
 -5.0940022e-02
  3.1987216e-02
  6.2570058e-02
 -2.6415395e-02
 -2.8899565e-02
 -1.0414637e-01
 -6.1905138e-02
  2.2648485e-02
 -1.0382927e-02
  2.6311731e-02
 -2.5505629e-01
  1.7399401e-03
 -4.9405210e-02
 -3.6577053e-02
  4.6776678e-02
  1.5390133e-02
  1.1426512e-03
  2.3717644e-02
 -2.7227735e-02
 -5.6556314e-02
  2.4779161e-02
 -2.0143591e-02
  1.0702969e-03
 -4.2994887e-02
  6.1036088e-02
  4.8034597e-02
  1.5095235e-02
  2.9682100e-02
 -7.6439314e-02
 -4.8530336e-02
  4.2893223e-02
  3.0808741e-02
 -3.1962875e-02
  1.2345237e-02
 -7.0293322e-02
  4.4109318e-02
 -1.4597872e-01
 -4.7639485e-02
 -2.0847465e-01
 -2.2601584e-02
 -2.9276648e-01
 -2.9780541e-02
 -8.0145352e-02
  2.2575374e-01
  2.0826830e-01
 -5.7566274e-02
  1.4792138e-01
 -2.2145310e-02
 -2.2937673e-01
 -3.8310274e-02
 -8.8964239e-02
 -2.1032909e-01
 -2.0657085e-01
 -2.2825450e-01
  2.6603848e-02
 -1.0747790e-02
  1.1266274e-01
  8.4488928e-02
  2.4767512e-01
 -2.6663886e-02
  9.2172727e-02
 -2.0501114e-02
  1.2793237e-02
 -5.7142161e-02
 -2.1947770e-01
  8.5213883e-03
  6.3056119e-02
 -8.8614777e-02
  1.1050297e-01
  7.8493617e-03
 -1.4007327e-01
 -3.3229038e-01
 -4.5274850e-02
  1.3151635e-01
 -3.6238804e-01
  3.5457637e-02
 -1.4345764e-01
  2.0707415e-01
 -3.1894243e-01
 -1.4748737e-01
 -1.3835387e-03
 -4.5685675e-02
  2.7211446e-01
  6.1559465e-02
  2.0954686e-01
 -4.4810593e-02
  1.9929411e-01
  1.4585866e-01
  2.0844978e-01
  3.5898920e-02
  1.7332157e-02
 -1.1374047e-01
  1.5292573e-01
  1.4462636e-02
 -7.2803325e-03
 -2.9926641e-02
  9.9960510e-03
  5.8137596e-02
 -7.3417574e-02
 -6.7360185e-02
 -1.7560955e-02
 -8.7998107e-02
 -8.8208290e-03
  2.3306748e-02
 -1.7689317e-03
 -8.0707490e-02
 -1.5600930e-02
  1.4450509e-02
  3.7095640e-02
 -3.6737524e-02
  1.8402262e-02
 -4.8949630e-03
  3.9130349e-02
 -1.1497968e-03
  3.1382293e-02
 -6.6616915e-02
  7.0973903e-02
 -9.2240445e-02
  6.1028730e-02
 -6.1701033e-02
 -3.4703737e-01
 -1.6301099e-02
  2.8552789e-02
 -1.1504835e-02
 -3.4000617e-02
  3.3945147e-02
 -5.5123977e-02
  1.5813047e-02
  2.7510570e-02
  2.8867148e-02
 -3.3210468e-02
 -3.7097219e-02
 -1.6176749e-02
  2.6407331e-02
  2.1583349e-02
 -6.7515001e-02
 -5.4086246e-02
 -7.5615220e-02
  4.4714257e-01
  2.2876476e-01
  8.7001227e-02
  1.5749887e-01
  1.8548691e-01
 -3.5947043e-02
  1.1920230e-01
  1.0202198e-02
  1.6663755e-01
 -2.2403090e-03
  4.9259469e-02
  1.6207284e-04
  6.1783339e-03
  1.6934989e-02
 -8.3918469e-03
  2.0809129e-01
  1.3278757e-01
  7.7654585e-02
 -9.0157077e-02
 -4.3028131e-02
  2.4514461e-02
  1.8847063e-02
 -8.1610875e-03
  7.5534428e-03
 -1.9465531e-03
  3.1751163e-02
 -6.6890456e-03
  5.8218401e-02
  8.3566830e-02
  1.3397485e-01
 -4.8274893e-02
  4.4676710e-02
 -8.7680385e-02
 -3.3088580e-02
 -2.8902370e-01
 -5.5838829e-01
  6.7889082e-01
  3.7158218e-01
 -3.3650064e-01
  6.9882077e-01
  5.4073995e-01
  5.6393856e-01
 -2.2056314e-01
  6.5501571e-01
  5.3572375e-01
 -1.4259730e-01
  1.2720841e-01
  1.7258497e-02
 -1.3138715e-02
  7.1930724e-01
 -2.5462648e-01
 -7.3491447e-02
 -2.7674487e-01
  2.8778517e-01
 -2.5293795e-02
  1.9159719e-01
 -2.7938840e-01
  1.4250658e-01
  4.9847715e-02
  2.0336145e-01
 -4.1940346e-01
 -1.5688232e-01
  3.7420288e-01
  1.9262670e-01
  1.2391964e-01
  3.5734153e-01
  1.0272967e-01
 -1.1305997e-01
  6.3088107e-01
 -3.1767793e-02
  1.9688116e-02
 -5.5390573e-03
  1.6830875e-02
  1.6540902e-02
 -6.1359923e-02
 -5.4255292e-02
 -2.3834024e-01
  6.4574637e-02
 -2.9618038e-02
 -6.2146742e-06
 -2.2235527e-03
  2.6697345e-02
 -2.5393350e-02
 -3.5444759e-02
  1.8223373e-02
 -6.5446034e-02
 -3.4258835e-02
  1.5200388e-02
 -6.4574383e-02
 -5.9668552e-03
 -8.9967827e-04
  5.3217117e-02
  1.0733900e-02
  4.1165769e-02
 -6.6903427e-02
  1.3277061e-01
 -5.3641725e-02
  3.6346082e-02
 -2.0238055e-02
  1.2891521e-02
 -2.6437623e-02
  6.3751027e-02
 -1.9566983e-01
 -7.7775014e-03
 -2.8939763e-01
 -3.6983153e-01
 -3.6139181e-01
  1.9988537e-02
  1.7456749e-01
 -2.7975723e-01
  6.1446172e-01
 -1.3925137e-01
  1.4340296e-01
  3.4089334e-02
 -6.2233269e-02
  8.5891090e-02
  1.8565344e-02
 -1.8592076e-01
 -8.8408981e-03
  5.1941134e-02
  1.6602639e-02
  6.3141841e-03
  3.8295406e-01
 -1.3935447e-01
  1.5887609e-01
  7.4820132e-03
  1.3751222e-01
 -5.7719607e-02
  1.3339069e-02
 -1.4723857e-01
 -2.8502300e-01
 -2.0153951e-02
  1.3575532e-01
 -9.9945284e-02
  1.0688190e-01
  1.5620043e-03
 -6.2480158e-01
 -6.1682887e-02
  7.1707353e-02
 -5.0963424e-02
  5.6697287e-02
 -8.9298382e-02
  8.4986500e-03
 -4.0471494e-02
  3.8303751e-02
 -5.7615852e-03
  2.8458640e-02
  7.4646302e-02
 -1.2000496e-02
 -1.1178829e-02
 -2.0768439e-02
 -6.6874869e-02
  3.9360229e-02
 -6.1505236e-02
  3.5390615e-02
  3.2486778e-02
  5.9823588e-02
 -2.1594593e-02
  7.3494814e-02
  1.5889242e-02
  3.5162154e-04
 -3.7574090e-02
  6.5929322e-03
 -2.2475939e-02
  5.9633728e-02
 -5.9750456e-02
 -1.0702094e-01
  2.1037320e-02
 -4.3654341e-02
 -2.8659306e-02
 -5.6780290e-02
  6.1874621e-02
 -2.5273023e-02
  1.2900017e-02
 -2.0176852e-02
  4.7042571e-02
  9.0583637e-02
  4.2373292e-02
  2.8552612e-02
 -1.3871145e-02
 -1.0255881e-01
  1.6551623e-02
  6.3466653e-02
  4.4837516e-02
  4.9352329e-02
  2.0657541e-01
 -5.8077782e-02
 -3.3421785e-02
  1.7024233e-03
 -9.1162398e-03
  9.9830478e-02
  3.7037574e-02
  1.2280024e-02
  2.8820080e-03
 -4.1402169e-02
 -1.2597386e-02
 -3.2519273e-02
  5.1469706e-02
 -8.3714232e-02
 -6.0757075e-02
  1.1092612e-01
 -4.9507666e-02
  1.1856617e-02
  6.0752314e-02
 -5.2682854e-02
  2.5143797e-02
  3.4641650e-02
 -3.8395409e-02
  6.7599073e-02
  1.0205942e-01
  6.2959641e-02
  1.7904900e-02
  1.9759595e-02
  7.9701170e-03
 -2.1937272e-02
 -3.1926699e-02
 -4.4276663e-03
 -7.1508899e-02
  5.9416644e-02
 -8.5718043e-02
  1.1665897e-02
  1.4668762e-05
 -8.2384124e-03
  4.6640363e-02
 -3.5956629e-02
 -3.8500931e-02
 -6.3226126e-02
 -8.6923629e-02
 -5.8818251e-02
 -2.0716783e-02
  7.7425919e-02
  1.6816653e-02
  5.3343948e-02
 -6.2890954e-02
 -4.3745704e-02
 -2.9688461e-02
  3.5452504e-02
  1.2462582e-02
  2.2497391e-02
  3.5135660e-02
 -9.2487967e-01
  1.5246336e-01
  8.5361758e-03
  5.5548660e-02
 -8.4915861e-02
 -2.6044218e-02
 -2.8356077e-02
 -2.8327873e-03
 -3.8791709e-02
 -5.7295945e-02
  4.0589757e-02
  1.7246669e-02
  3.5829868e-02
  3.4224108e-02
 -5.6090429e-02
  1.0540275e-01
  1.9998619e-02
  1.9022767e-02
 -5.1939305e-02
 -2.4145612e-02
 -4.3177795e-02
  2.5581177e-02
  2.3945190e-03
  1.2808175e-02
  2.1416642e-02
  1.7557001e-02
 -3.5012115e-02
  4.7021326e-02
  6.3984999e-03
  7.7886298e-02
 -6.0526789e-03
 -1.5037466e-03
 -4.6694838e-02
  7.0511091e-01
  4.5249426e-01
 -2.5518253e-01
  6.7068338e-02
 -3.1736752e-01
  1.0733976e-01
  4.1895440e-01
 -7.8555673e-01
 -1.1285792e-01
  3.3533835e-01
  1.6570503e-01
 -2.6009110e-01
  1.3636452e-02
  1.0802195e-01
 -2.0451017e-02
 -2.4047107e-01
 -1.2072943e-01
  2.8054276e-02
 -7.0252903e-02
  1.7427373e-01
 -2.2334724e-03
 -3.7064391e-01
  1.2145533e-01
  6.4836197e-02
  4.5371816e-02
  5.6248259e-02
 -3.3166429e-01
  2.3978543e-01
  1.0296704e-02
 -7.2684521e-03
  6.7411348e-02
 -7.6848067e-02
  4.9692206e-02
 -1.1371074e-01
  9.0811700e-02
 -6.4032063e-02
 -5.2454919e-02
  1.0305826e-01
 -2.8868381e-02
 -6.5951757e-02
 -1.5442447e-01
 -6.7610219e-02
 -7.2175652e-02
  1.5849192e-02
  4.9071535e-03
  2.1516960e-02
  1.8791813e-02
  3.3509854e-02
 -3.8844123e-02
 -4.6962447e-02
 -1.6742301e-01
  6.4349405e-02
 -3.3581406e-02
 -3.1780612e-02
 -2.3750221e-02
  4.3025281e-02
 -9.4313636e-02
 -3.1527884e-02
  4.6126198e-02
 -1.2926226e-02
  3.2910284e-02
 -1.2227517e-01
  6.4587504e-02
  4.1750111e-02
 -8.2907908e-02
  2.3836223e-03
  2.4921719e-02
 -1.3277896e-02
 -7.1255937e-03
 -2.9794212e-02
 -3.0863859e-02
  5.1355246e-02
  4.5687780e-02
 -1.5328865e-02
  5.6063109e-03
  1.4558100e-02
  2.7629671e-01
 -3.9558619e-02
  6.1999173e-03
 -1.0895934e-01
 -4.5373137e-03
  2.1232199e-02
 -6.5468170e-02
 -5.1723056e-02
 -5.6885999e-02
 -4.1550673e-05
 -2.2592653e-02
 -1.6822217e-02
  1.1663845e-01
  2.3778578e-02
  3.0779114e-02
  1.2171703e-02
  5.3097654e-02
  3.1734496e-02
 -3.4989439e-02
 -8.5165754e-02
  5.8551300e-02
 -5.4378132e-03
 -6.3473609e-04
 -1.9821111e-02
 -1.1704485e-02
  4.7020167e-02
 -5.9817940e-02
 -8.7092802e-02
 -1.3866319e-02
 -6.0342077e-02
 -7.5304180e-02
 -1.5144083e-01
  8.2334131e-02
 -2.5334038e-02
  1.5637010e-03
 -8.5551865e-02
 -1.0442812e-01
  4.4281688e-02
 -2.7651045e-02
 -1.9505901e-03
 -1.2373999e-02
 -2.7431884e-01
  1.3110440e-02
 -2.4561785e-02
  2.8222967e-02
 -1.3132408e-02
  1.2251745e-02
  8.6744733e-02
  6.5671355e-02
  1.6578672e-02
  1.2140882e-02
 -4.4060214e-03
 -1.8855004e-02
 -2.5933012e-03
  1.3599358e-03
 -6.0546737e-02
 -6.6403123e-03
  7.0523717e-02
  1.2033659e-02
 -2.1656582e-02
  3.2755051e-02
 -1.1518519e-01
  1.8761938e-02
 -6.4868584e-02
 -7.3540963e-02
 -7.6590396e-02
  9.1631286e-02
  8.2064278e-02
  2.8863840e-03
 -5.0356146e-02
 -4.1368864e-02
  1.7998484e-01
 -1.1969115e-02
  3.8598895e-02
  9.2118546e-02
  5.8691267e-02
  1.2489242e-01
 -2.0601133e-02
  5.5433642e-03
 -3.1769637e-02
 -9.1847368e-02
 -4.0299862e-04
  9.4741203e-02
  1.4979349e-02
  1.2117187e-01
 -8.2554683e-02
  5.3236537e-02
  9.2139140e-02
 -6.4517651e-03
 -1.0344917e-02
  2.8763585e-02
  8.6722031e-02
 -7.4120061e-03
 -2.1575958e-01
  3.3040899e-01
  3.5109645e-01
  4.2205978e-02
 -4.2130825e-01
 -2.8901258e-01
  2.2499144e-01
 -7.5634021e-01
 -8.2444322e-01
 -9.3091382e-03
  4.5118520e-01
 -3.9281499e-01
 -2.8890187e-01
  1.4061221e+00
 -1.8515763e-01
  1.3151981e+00
  4.6878964e-01
  2.7445441e-01
 -1.6435276e-01
  2.8215839e-02
  8.3191150e-01
 -7.5809699e-01
 -4.2683589e-01
  3.6064339e-01
 -5.6175160e-01
  2.6355845e-01
 -1.0259495e-01
 -4.0797439e-01
  6.3969278e-01
  4.8919007e-01
 -3.6079311e-01
  7.4545071e-02
 -1.3659146e-01
  1.5437456e-02
  1.1865708e-02
  2.2786821e-01
  3.3076081e-01
 -1.9325746e-02
 -4.2584382e-02
 -1.5464264e-02
  1.5744135e-02
  3.0424030e-02
 -1.8905835e-03
  1.5779959e-01
  3.0671641e-01
  3.7056826e-02
  3.9881065e-02
 -1.8645041e-02
 -8.0802022e-03
 -4.7216485e-03
 -2.8758328e-02
 -4.6670310e-02
 -5.2619468e-02
  1.5098195e-02
  1.4289674e-02
  8.8044606e-02
  4.4524506e-02
  1.9261058e-02
  3.7913542e-02
 -4.0779531e-02
  4.1059490e-02
 -4.3256238e-02
  5.3663667e-02
 -5.3060956e-02
 -1.8695738e-02
 -4.0996581e-02
 -1.1342063e-01
 -3.4934491e-02
 -7.0820853e-02
 -9.3743779e-02
  9.7630201e-03
  1.1614312e-01
 -8.8494889e-02
  2.6600856e-02
 -7.0868880e-02
  1.2291896e-01
  9.6708104e-02
 -6.6271415e-03
 -6.3762057e-01
 -3.1530280e-02
  2.0145003e-01
  2.8064998e-02
 -1.4321418e-02
  4.9974717e-02
  4.3527573e-02
  1.4671670e-01
  2.5077283e-02
  5.6793109e-02
 -6.2185951e-02
 -3.8124003e-02
 -5.7377756e-02
 -1.1674902e-02
 -1.9716900e-02
  4.5348339e-02
  1.1792527e-02
 -4.2383183e-02
  6.6855408e-02
 -1.3818883e-02
  4.9103711e-02
  3.6943030e-02
 -2.7328119e-02
  1.4401840e-02
  7.4303220e-03
  4.9092583e-03
  1.2554075e-03
  6.2238998e-03
  3.4345724e-02
 -3.5058153e-03
 -5.5046670e-02
 -1.6093829e-01
  2.2821991e-02
  3.3226269e-03
  2.1395208e-02
 -3.3161949e-02
 -4.8302740e-02
  5.5396747e-02
 -7.9662666e-02
 -7.0386387e-02
 -5.9155691e-02
 -4.6777427e-02
 -6.0729917e-02
  8.1900649e-02
  1.3462823e-02
  2.1224485e-03
  7.4052259e-02
  6.4526359e-03
 -9.6477635e-02
 -1.5192910e-02
 -2.2820599e-02
 -1.0109278e-02
 -7.4160285e-02
 -2.3058906e-02
  6.9500669e-03
 -2.1471091e-02
  1.0330264e-01
 -6.8956368e-02
 -7.3477276e-02
 -2.0186279e-02
  6.1346386e-03
  5.6299027e-02
  2.6256980e-02
  1.2682565e-02
  1.7359542e-02
 -8.7693287e-03
  3.0289497e-02
  4.7446773e-03
 -4.2636666e-02
  2.2937305e-02
 -6.3573852e-02
  2.3822422e-01
 -5.3842895e-02
 -2.6517376e-02
 -4.9491860e-02
 -2.7266005e-02
 -1.7183963e-02
  5.2108672e-02
 -5.0431650e-02
  4.6428744e-02
  1.1866459e-01
  1.5809950e-01
  2.0259120e-02
  9.0967305e-02
  1.0256270e-02
  4.7749609e-02
 -3.7078530e-02
  7.0593727e-01
 -1.6019424e-02
  2.1825224e-02
 -1.8314503e-03
 -4.3532249e-02
  4.6884862e-01
  2.5420609e-01
  7.9677962e-02
  2.3267248e-01
  7.6103069e-02
 -7.9313308e-02
  1.1222484e-01
  2.7710167e-01
 -1.7498082e-01
  2.1800861e-02
  3.7114022e-03
  1.6643882e-02
  1.5639684e-01
  4.6979688e-02
  3.4866225e-02
  3.9399862e-02
  1.9951144e-01
  1.2802716e-01
  9.0938002e-02
 -4.5884062e-02
  8.1827864e-02
 -1.4363217e-01
 -2.9892389e-02
 -2.5726842e-02
  3.3047765e-02
  2.5806546e-02
 -4.8004176e-02
  7.5444862e-02
 -4.6943292e-02
  1.4508339e-02
  2.2866845e-02
  7.6167963e-02
  5.9284389e-02
  8.7476544e-02
 -5.8686402e-02
  2.6819678e-02
  2.1994699e-02
 -1.2423744e-03
 -1.5219297e-01
  3.0011203e-02
 -4.2656638e-02
  1.2283266e-01
  3.1849168e-02
  6.0057133e-03
  3.6375761e-02
 -2.6828051e-03
  1.3172313e-02
  6.4345643e-02
  7.0961989e-02
  1.3972181e-01
  4.4616107e-02
  6.6521078e-02
  5.5140585e-02
 -2.7212471e-02
 -1.7741777e-02
 -3.7479524e-02
 -5.7676382e-02
  6.1333280e-02
  2.6446313e-03
  7.5821998e-03
 -1.7416212e-03
 -1.1443169e-02
  1.4694120e-01
 -4.6748046e-02
 -3.4554411e-02
  5.5979588e-03
 -1.4673260e-02
 -4.7455542e-02
 -2.0039842e-01
 -7.8651011e-02
 -5.7990760e-02
 -8.3740719e-02
  1.5955451e-01
 -2.2931889e-02
  7.8714125e-02
 -4.7562487e-02
 -2.9347815e-02
 -2.1390809e-02
 -2.4344476e-02
  1.0296292e-01
  2.0983944e-02
  2.6103003e-02
 -8.8476829e-02
 -1.1171885e-02
  1.0963647e-03
 -3.7129864e-02
 -2.1513829e-02
  7.7468969e-02
  1.1207107e-02
 -8.9063011e-03
 -8.7799139e-02
 -2.6712812e-02
  2.5334405e-02
  1.3640525e-02
 -6.9091558e-03
 -3.0516458e-01
 -9.2343502e-02
  4.3440506e-02
  5.4225147e-02
 -4.5004934e-02
  1.7488973e-02
  4.5921233e-02
  2.1932775e-01
 -2.8364919e-02
  2.0207008e-02
  2.9657252e-02
  2.6284102e-02
  1.7672686e-02
  1.2160757e-02
 -7.8727223e-02
 -1.4302337e-02
 -3.4320384e-02
  3.9408822e-02
  2.2911754e-02
  2.5595738e-02
 -2.8108003e-02
  4.8584405e-02
 -4.6415217e-03
 -7.1857958e-03
 -3.4867588e-02
  2.9569644e-01
  5.4555967e-02
 -4.7801804e-02
 -4.0464602e-02
  4.3796640e-02
 -6.2269561e-02
  4.0167067e-02
  9.7588068e-03
  3.8083112e-03
 -2.3297847e-03
  1.7938199e-02
 -1.3219479e-01
  1.2132732e-02
 -1.8060854e-02
 -6.7632706e-03
 -5.9174187e-02
 -5.0135595e-01
 -1.1066648e-01
 -1.7637052e-01
 -1.1784753e-01
 -4.8978392e-02
  1.7569188e-02
 -1.8155916e-01
 -4.2015791e-01
 -2.6566297e-01
  1.2205112e-01
 -3.8506103e-01
  7.2114497e-02
  6.4922720e-02
 -2.8329757e-01
 -4.5700457e-02
  2.1443780e-01
  9.7620226e-03
  5.7539046e-02
  4.5279917e-01
 -6.3399237e-01
  8.3175473e-02
 -3.9333856e-01
  2.7661547e-01
 -9.6902132e-02
  1.7807128e-01
 -2.1817932e-01
 -3.6128023e-01
  1.4863868e-01
 -5.9202635e-01
 -1.7694850e-01
  1.5345966e-02
 -2.0430964e-01
  3.5674891e-01
  2.2406761e-02
  1.4727678e+00
  1.5427439e+00
  3.1478250e-01
 -2.8421506e-01
  8.5065842e-01
 -1.5867871e-01
 -2.8638712e-01
  3.9356139e-01
 -1.1581314e-01
  2.3087731e-01
 -1.9955106e-01
  2.7601528e-01
 -2.2364122e-01
 -1.6642007e-01
 -3.8090983e-01
 -1.9283056e-01
 -4.4931331e-01
  3.7125249e-03
  1.3542518e-01
 -1.3273056e-01
  7.8016990e-01
 -3.9078973e-04
  9.6723959e-02
  3.8296059e-02
  3.8390243e-01
  5.2841675e-02
  7.0911184e-02
  6.6116929e-02
  5.1651143e-02
  2.7059080e-02
  2.0009002e-01
  6.1423853e-02
  1.4758807e-01
  6.4899459e-02
  1.5153000e-01
 -4.8232444e-02
 -2.4312235e-01
 -7.4236132e-02
  6.1809021e-04
 -3.0819176e-02
  1.6793071e-01
 -1.7167648e-02
 -8.6640969e-02
  6.7113958e-02
  3.2429919e-02
  8.0067396e-02
  5.7696169e-03
 -5.7820305e-02
  5.1687628e-02
 -5.6283385e-02
 -1.7032379e-02
 -3.7006781e-02
  1.6672323e-02
  1.7939074e-02
 -2.6332242e-02
 -7.9870587e-03
 -8.3842129e-03
  7.8417316e-02
 -3.0668711e-02
  2.3487031e-02
 -1.3449805e-02
 -3.7153136e-02
  2.3111455e-02
  1.2573645e-02
 -4.5526873e-02
  9.0447210e-02
  4.0037273e-03
  1.2415484e-02
 -1.4607002e-01
 -7.2662167e-02
 -3.6125440e-02
 -5.8208771e-02
  9.5963448e-02
  6.3677542e-03
 -4.4865411e-02
 -1.6612509e-01
  1.4775676e-03
  3.6167778e-02
 -4.1915700e-02
  7.5923606e-05
  4.8581596e-02
  7.9994639e-03
 -7.1960866e-02
 -9.1050342e-02
 -1.4975531e-02
  1.6098773e-02
  3.3326484e-02
  6.2940232e-02
  1.5375596e-03
 -2.5872048e-02
  6.5576375e-02
 -7.7055119e-02
  1.1847539e-01
 -1.3954423e-01
 -4.4018913e-02
 -1.8095512e-02
 -9.5704906e-02
  3.4691752e-03
  1.1918709e-01
 -9.4460498e-04
  4.9533959e-02
 -1.7235048e-02
  1.9998132e-01
  1.3983186e-01
  1.1256166e-01
  3.6183178e-02
  1.8979308e-01
  9.0863492e-04
  6.1340299e-02
  7.4258357e-02
 -4.9558282e-02
 -5.8023729e-03
 -1.7096056e-02
 -2.2283468e-02
  3.5973254e-01
  1.4444141e-01
  1.4477229e-01
  7.4381359e-02
 -4.9326837e-02
 -1.8779353e-03
  3.0807082e-02
  5.0448640e-03
 -4.2248320e-02
  7.9159215e-02
 -5.7452926e-03
 -8.2203224e-02
 -4.3626208e-02
  9.5379844e-02
 -9.5142938e-02
  7.8932002e-02
  5.2142553e-02
  2.6785029e-02
  1.2697270e-02
  5.5348468e-03
 -4.5391120e-02
 -1.3913548e-02
 -2.1250273e-01
 -3.3197872e-02
  5.2059162e-02
 -3.9373234e-02
 -4.0058590e-02
  3.1754754e-02
  3.1116081e-02
  1.3700338e-02
  2.8952814e-03
  4.7513299e-02
 -1.4183068e-02
 -2.5441291e-02
 -6.9040537e-02
  3.2002840e-02
  1.2611486e-01
  7.0642702e-02
  4.4143464e-02
 -9.2874886e-03
 -6.8291746e-02
 -5.4994570e-03
 -6.0987752e-03
 -2.3781694e-03
 -1.6480489e-02
 -1.0697702e-02
 -6.8091936e-02
 -7.6727476e-03
 -1.0634129e-02
 -3.5105407e-02
  1.4138775e-01
 -4.9457934e-02
 -1.1838863e-01
 -5.6180902e-02
 -3.7874814e-02
 -2.3840390e-02
 -4.0954847e-02
  6.8603694e-03
 -4.4812992e-02
 -5.1944606e-02
 -1.6155029e-02
 -5.8560091e-04
 -1.3905047e-02
 -1.2413543e-01
  1.8102271e-02
  4.7709521e-02
  1.5180296e-02
 -1.3531896e-02
  1.5424266e-03
 -1.3821241e-02
  6.1068716e-03
 -1.7218372e-02
  8.5047781e-02
 -5.7888843e-02
  7.3658833e-03
  2.0328419e-02
  1.6946577e-02
 -6.5322327e-03
 -5.1036879e-02
  6.0809858e-02
 -3.2196101e-02
 -4.2874094e-02
  7.4207657e-03
 -3.8532987e-02
 -2.3928313e-02
  2.4946680e-02
  8.3889537e-02
 -2.2293324e-02
  4.1571464e-02
  6.9393083e-02
  1.4662004e-01
  9.5893390e-02
  2.4587801e-02
 -6.1995223e-02
 -9.1819562e-02
 -3.6065012e-02
 -1.1562330e-01
  4.2081222e-02
 -3.8076434e-02
 -1.4112157e-01
 -1.3222328e-01
  3.6793012e-02
  1.3284562e-03
  2.2762401e-02
 -2.8128037e-02
  1.1684398e-01
 -7.1112052e-02
 -2.3786338e-02
  9.3436586e-03
  1.1693029e-02
  9.9594332e-03
  6.5522775e-02
  1.2098912e-02
  6.9831340e-03
  2.2967840e-02
  6.0555162e-03
  2.6701795e-02
 -8.0606267e-02
 -4.7749735e-02
 -6.5416954e-02
  5.9521098e-02
  9.9490955e-04
  7.0816070e-02
  3.4748086e-01
 -2.6380223e-01
  1.1472448e-01
 -9.8237924e-02
  1.4008335e-02
 -4.3707773e-01
 -2.1145156e-02
 -6.5466106e-02
 -3.6742636e-03
 -1.8817057e-01
 -3.1996276e-02
  8.8628002e-02
  4.4417940e-02
 -2.4506393e-01
 -8.9604177e-02
 -1.1064560e-01
 -8.8670596e-02
 -2.1731144e-01
 -5.8791257e-02
 -5.3839281e-02
  4.0799710e-03
 -2.5569394e-03
  9.5748588e-02
  2.9803354e-01
 -3.3363577e-02
  1.0201599e-02
  1.3387972e-01
 -6.7008291e-03
 -1.3371240e-02
 -6.6920638e-02
  4.1805357e-02
 -1.4206825e-02
  4.9455393e-02
  6.5831915e-02
 -6.6548571e-02
  2.3395134e-02
  2.1260445e-01
 -1.2605150e-01
  4.3322600e-02
 -3.7509818e-02
  2.9729864e-02
 -9.9630252e-02
  3.9239880e-02
  4.2317975e-02
  9.5426075e-02
 -1.9938787e-02
  3.3512097e-02
 -2.9319802e-01
 -6.5400391e-03
 -4.2062528e-03
 -4.8841130e-02
 -4.7460087e-02
 -1.3152082e-01
  1.1076503e-02
 -4.2760462e-02
  2.1755088e-02
 -3.6826620e-03
  1.6302183e-02
 -8.4509023e-02
  4.0864103e-02
  1.8667094e-02
  6.3826799e-02
  1.9357352e-03
 -3.2360349e-02
  6.4510368e-02
  2.6744520e-02
  6.8471138e-03
  6.9264472e-03
 -5.1440112e-02
 -8.7272190e-02
  1.3280819e-01
  1.6992720e-02
  2.7934391e-02
  1.5298088e-01
  1.1614969e-02
  1.1269849e-02
  3.3736732e-02
 -1.5311909e-01
  6.0061943e-02
  3.6152307e-02
  5.1057655e-02
 -6.3416258e-02
 -6.0767755e-02
  4.7226474e-02
  4.9375396e-02
  2.8693650e-02
  6.5457667e-03
 -2.2661202e-02
 -2.4580948e-02
  5.9276342e-02
 -5.3864840e-02
 -8.6805239e-02
  5.0735280e-02
 -2.8136654e-02
 -2.5291299e-03
 -4.9527068e-02
  1.1710967e-01
  5.4084532e-02
 -2.1257892e-02
  2.4373958e-01
 -3.9857615e-02
 -3.5426382e-02
  3.4073945e-02
 -9.4387300e-02
 -4.5053479e-01
 -5.0341684e-02
  3.5339840e-02
  1.0764143e-01
  8.7643884e-02
 -1.5537156e-01
 -8.2588260e-04
  4.8241749e-02
  4.1629344e-02
  5.2645396e-02
  2.1215163e-02
 -1.0753483e-01
 -1.1891104e-01
 -2.9316084e-02
 -1.4058408e-01
 -5.2858714e-04
 -1.4093241e-01
 -6.3291050e-02
  4.5758232e-02
  1.0122146e-01
  2.8740816e-02
  7.0221707e-02
  6.4692259e-02
  3.9157465e-02
 -2.7191665e-02
  1.3272178e-03
  1.6456977e-02
 -1.8306723e-01
  4.6906456e-02
  3.2442734e-02
  2.7247762e-02
 -3.7114237e-02
  1.5172914e-02
  1.0993858e-01
  7.5681597e-02
  1.4192083e-02
  3.1800762e-02
 -3.0992821e-02
  4.3050397e-02
 -1.4226796e-01
 -1.6837090e-03
 -6.7291319e-02
  2.4360893e-02
  6.1336376e-02
 -1.8900907e-02
  2.8369077e-02
 -6.2512234e-02
  3.4047447e-02
 -3.7702106e-02
 -4.1857302e-02
  9.3043931e-03
  7.9241790e-02
  3.4470242e-02
 -1.0608533e-02
  1.0462425e-01
  9.7688136e-04
 -2.3055593e-02
  3.7682001e-02
  2.0466805e-02
 -2.6513241e-02
 -9.4161034e-03
  1.2953905e-02
  2.6446344e-02
 -5.2722119e-02
 -1.4969456e-03
  1.1690638e-01
  2.9032117e-02
  4.6679664e-02
  7.7053912e-02
  8.7141216e-02
  1.6658101e-02
 -7.6527275e-02
  5.0860252e-02
  1.8282823e-02
  8.1510015e-02
  4.1896906e-02
  4.0020584e-03
 -1.6091924e-02
 -7.7906504e-02
  6.1984498e-02
  1.2223109e-02
 -6.7724986e-03
 -2.5818547e-02
 -3.8895949e-03
 -9.2677854e-02
  4.9682569e-02
  2.4630027e-02
 -1.8975904e-02
  1.5167376e-03
  8.7385252e-03
 -3.3710287e-03
 -5.1652998e-02
  8.8825777e-02
  5.7246787e-03
 -9.9534325e-02
  8.9595869e-02
  1.4864750e-02
  5.2051794e-02
  8.8301487e-02
 -2.5265102e-04
 -5.2742139e-03
  4.1429881e-02
  3.4903239e-02
 -7.2655961e-02
  6.0585853e-02
  3.3863872e-02
 -2.2705579e-02
 -3.6146730e-02
  1.1264703e-01
  7.3501647e-02
  1.0504129e-01
 -6.5209821e-02
 -2.7955064e-01
  1.1941753e-01
  5.3993825e-02
  1.0920113e-02
  4.8778202e-02
  1.0733306e-01
  1.3489898e-01
  1.3773061e-02
  5.0725050e-02
 -4.6436664e-02
 -5.2666482e-02
 -7.9916388e-02
  8.0058619e-02
 -5.0255466e-02
  1.0328407e-03
  5.5187088e-02
  1.1577017e-02
  1.3499571e-01
 -2.7725818e-02
 -2.9883733e-02
 -3.1695243e-02
 -5.4210745e-02
  2.7457268e-03
 -2.2814339e-01
 -4.9609950e-01
 -2.7940106e-01
 -1.3785431e-01
  3.3715479e-02
  7.2476253e-02
 -1.4054513e-01
  4.9746671e-01
  5.6218375e-02
  3.9869018e-02
 -8.9974642e-01
  9.9107258e-02
  7.6292109e-01
 -1.6445242e+00
 -5.0776702e-01
  1.9103970e-01
 -7.2238684e-02
  6.7480254e-01
  1.1327598e-01
  1.3240740e-01
 -2.4940984e-01
  2.0124066e+00
 -3.4669087e+00
 -1.3023067e-01
 -3.3049467e-01
  9.4728786e-01
 -9.2463088e-01
  4.1895038e-01
  5.5627984e-01
  1.6212438e-01
 -2.0126922e-01
  1.5967576e-01
 -2.2269505e-01
  8.8693557e-04
  1.2347854e-01
 -1.1707009e-01
  2.9122394e-02
  8.8224150e-02
  4.8284665e-02
  5.5847980e-02
  9.5681451e-02
  2.3043267e-02
 -1.4361123e-03
 -9.7290508e-02
 -9.4812758e-02
 -4.1048583e-02
 -2.0001043e-02
  1.5070642e+00
  8.8190287e-03
  5.4459851e-02
  9.4839588e-02
  3.7132513e-02
  1.0540067e-01
  1.6596287e-02
 -1.0207152e-01
  6.5233454e-02
 -3.3453386e-02
  1.9512681e-02
 -5.3572312e-02
  6.3469857e-03
 -9.2116455e-03
  9.4991997e-02
  4.6565205e-02
 -9.7713403e-02
 -2.0879904e-02
 -7.7929974e-02
 -7.9245947e-02
  5.5391304e-02
 -1.1992881e-02
 -3.2148585e-01
  7.0453361e-02
  3.8882826e-02
  5.8251921e-02
  9.6800558e-02
  4.6512850e-02
 -4.8558719e-02
 -6.2595293e-02
  1.9527834e-02
 -2.0645581e-02
 -2.8421972e-02
 -4.0885217e-02
  1.8106494e-02
 -1.0439503e-02
 -8.1522727e-01
  1.6610095e-01
 -8.3891816e-02
 -8.1624135e-02
 -1.7041752e-01
  2.4800932e-02
  4.0795261e-01
  2.1404773e-02
 -1.1209548e-01
  6.1590034e-03
 -1.8858068e-01
 -3.1225380e-01
 -3.0661630e-02
  1.0111618e-01
  1.0374079e+00
  7.4213937e-02
 -4.3796819e-01
  8.5497402e-02
 -1.6005883e-02
 -1.9482834e-02
  9.5764990e-04
  4.9963766e-01
 -6.7236289e-02
 -2.5009539e-02
  3.7343979e-02
  9.1047734e-02
  6.3543051e-01
  7.5175017e-02
  9.0269051e-02
 -4.1907743e-02
 -5.5984859e-03
 -1.2728760e-01
  8.4038705e-02
 -1.6404603e-02
 -6.8483867e-02
 -9.0305483e-01
 -5.2217162e-01
  1.2177820e-01
 -1.1441947e-01
  7.8727856e-02
  1.4739488e-01
 -2.1370124e-02
  3.4477718e-02
 -8.8277318e-02
 -1.5741358e-02
  9.9221952e-02
 -1.2722379e-01
 -6.5184766e-03
  3.7388034e-02
  9.5526651e-02
  5.4964036e-01
 -1.1850264e-01
  1.0243358e-01
 -4.0524866e-02
 -9.2238644e-03
 -1.1511083e-01
 -2.4465084e-01
  7.2260179e-02
  1.5699509e-01
 -3.1017888e-02
  2.0755834e-03
 -5.2650914e-02
  2.5903025e-01
 -1.2529503e-01
  3.6827151e-02
 -9.2155814e-02
 -9.4362825e-02
 -6.4705774e-02
  1.6382296e-02
 -5.6057509e-02
  8.5012332e-02
  1.0400414e-02
 -8.4863186e-02
 -1.8765390e-02
 -1.1046986e-01
  5.0840275e-03
  4.9826227e-02
  1.5079402e-02
  2.1263193e-02
 -1.7847560e-02
  2.5537463e-02
 -3.8553495e-02
 -4.6274792e-02
 -6.4005010e-02
 -6.8049282e-03
  2.8314868e-01
  1.0508145e-01
  6.3675356e-01
 -4.6503651e-01
  1.2054212e+00
 -1.0669668e-01
  1.2544131e-02
 -1.2710773e+00
  7.3546493e-01
 -3.1149322e-01
 -2.2762759e-01
 -2.1131483e-01
  5.4688007e-02
 -1.5866017e-01
  5.0529861e-01
  6.4896834e-01
 -9.0091056e-01
 -6.5420985e-01
  3.1727853e-01
  2.3453017e-01
 -1.0136476e+00
 -9.8259777e-01
 -7.2386883e-02
  3.1333825e-01
  1.5655354e-02
  1.0166793e-01
  3.5119924e-01
 -8.1555957e-01
 -2.7689710e-01
 -1.3228455e-01
  4.0231887e-01
 -5.1870316e-02
  1.8896005e-01
  8.4820494e-02
  2.0313172e-02
  9.0613917e-02
 -1.0018222e-03
  4.2790521e-02
 -3.8878921e-02
 -3.8664099e-02
  6.5478496e-02
 -1.7014794e-03
 -8.8710852e-02
  5.4972451e-02
 -6.0691852e-02
  7.2410725e-02
  4.2785320e-02
 -2.4849745e-02
 -1.2328584e-01
 -2.7669240e-03
 -3.7712354e-02
  3.6566406e-02
  3.3053938e-02
  2.3258355e-02
 -8.6510563e-03
 -4.4190116e-02
 -5.0119694e-02
  7.5855039e-02
  3.9893992e-02
  1.0003342e-03
  2.5444074e-02
 -3.2729354e-02
  3.1535070e-02
  7.5518310e-02
 -1.9819312e-02
  6.2463284e-02
 -2.0207094e-02
  3.5848957e-02
  2.3620503e-01
 -4.2249027e-01
 -1.2177187e-01
 -4.7171614e-01
 -4.2100777e-03
 -6.1319524e-01
  5.9807783e-01
 -5.2939892e-01
 -6.7763679e-02
 -1.7876948e-01
 -8.6214997e-02
  2.8225821e-01
  4.9661383e-02
  7.1745612e-02
 -1.3990143e-01
  2.5291024e-02
 -2.6827918e-02
 -6.1234944e-02
 -2.6524087e-02
  5.3861439e-01
  1.7141320e-02
 -1.6299561e-01
 -5.4197554e-02
 -1.5523194e-01
 -2.9651934e-02
 -1.0593392e-01
  5.5205882e-02
  4.2901415e-02
  9.7168840e-02
 -1.3341992e-01
  2.5846243e-02
  1.2023676e-02
 -6.7093052e-02
 -3.6986537e-02
 -3.5189399e-01
  6.2820897e-02
 -6.1125480e-02
 -3.0263421e-01
 -2.5648120e-01
 -5.5778712e-01
  2.9341742e-01
  3.3909384e-02
  2.4186930e-01
 -4.8495796e-01
 -6.6083163e-02
  3.8506484e-01
  1.9415045e-01
 -1.4355129e-01
 -1.8056753e-01
 -1.9646542e-01
 -6.3272424e-02
  8.4909812e-02
 -1.5543123e-01
  5.2520299e-01
  2.4115852e-01
 -3.9230233e-01
 -1.3071731e-01
 -2.2675477e-01
 -1.0522095e-02
 -1.6888198e-01
 -1.2691017e-02
  4.2094074e-02
 -2.1512564e-02
 -5.4853581e-02
  7.6333709e-02
  6.2307697e-02
 -1.8974924e-01
  2.0232631e-02
  2.8370482e-01
 -1.6871115e-02
 -3.5776589e-02
  5.1435195e-02
  1.2750098e-01
  1.2186398e-01
 -5.3018700e-02
 -6.6693917e-02
 -1.8103363e-01
  8.9545026e-02
 -6.9312952e-02
 -2.6121875e-02
 -2.1764573e-02
 -1.3681767e-03
  3.7450742e-02
  8.4429033e-02
  3.3873595e-02
  4.8158444e-02
 -8.7176710e-02
 -1.3625181e-02
 -4.8268009e-02
 -4.6193637e-02
 -4.5611884e-02
  1.9212110e-02
 -5.3968940e-02
  3.8621921e-02
 -2.4715867e-02
 -1.3514468e-01
  5.4676805e-02
  2.8672693e-02
  4.1088503e-02
 -2.8239519e-03
  4.0830374e-03
 -4.1891512e-02
  3.6910664e-02
  9.5186584e-02
 -9.3593024e-02
 -2.0824278e-02
 -1.9343202e-01
 -1.0859419e-01
 -2.2183387e-02
 -9.9795852e-03
  4.5122381e-02
 -1.5415291e-01
 -8.8292211e-02
 -1.6015254e-01
 -8.9984131e-04
 -7.8073633e-03
 -7.9558283e-02
  9.4374605e-02
 -1.3991066e-03
  8.3042402e-03
 -1.3445065e-02
  4.7508411e-02
  6.2267572e-02
  1.9037716e-01
 -6.4731851e-02
 -1.0719576e-01
  6.3757278e-02
  2.1439858e-02
  7.7158846e-02
 -4.7803582e-03
  8.7538473e-03
 -5.0007097e-02
 -8.4446948e-03
 -4.2125429e-03
 -1.3936020e-02
 -4.6092916e-02
 -5.7621218e-02
 -1.9181044e-01
 -9.5019536e-03
  1.9239607e-01
 -1.8143332e-01
 -4.9266380e-01
  1.2456378e-01
 -2.9405687e-02
  1.4050202e-01
 -4.3968508e-01
 -1.1272746e-02
  1.7730427e-01
 -4.4822618e-02
 -5.1888283e-02
 -2.1530923e-01
 -7.1911797e-02
  1.2874899e-02
 -1.3322295e-01
 -6.9399029e-02
  4.1957077e-01
  2.6709715e-01
 -1.2564954e-01
  2.7844703e-03
 -1.0538429e-01
  6.5807983e-02
 -1.9447088e-01
  1.5436919e-01
  1.4406730e-01
 -6.5127321e-02
 -4.5115370e-02
  1.1900749e-01
 -8.0650873e-02
 -2.6349488e-01
  1.1967042e-01
 -8.2847237e-04
  3.2501381e-02
  1.0849466e-01
  4.2319186e-02
  1.7627500e-01
  2.5153723e-02
  1.5646152e-01
  8.1802882e-02
 -8.6064652e-02
 -5.4658324e-02
  3.9118122e-02
 -1.9149862e-01
 -4.5216907e-02
  6.5019682e-02
  1.1244635e-02
 -1.4378804e-01
  2.3107158e-02
  2.0311767e-02
 -4.6200838e-02
 -2.1316830e-02
 -8.4690481e-02
  7.1226753e-02
 -9.3390672e-03
  2.7227966e-02
  3.6529949e-04
  8.4530659e-02
  8.0356009e-02
 -9.9961556e-02
  6.5234199e-02
 -1.3283287e-02
 -5.9814146e-03
  9.7650334e-02
  8.5777804e-02
 -1.8708283e-04
 -9.4491646e-02
 -4.6487290e-02
  1.1272833e-01
 -2.2606445e-03
 -3.1786032e-02
 -1.6177027e-01
 -5.4416560e-02
  1.1027181e-01
  6.3546248e-02
 -7.9853080e-02
  6.9327302e-02
 -1.0999039e-01
 -1.0703014e-01
 -2.6461799e-02
  3.5663329e-02
  5.0858758e-02
  1.1121689e-02
  1.6527968e-02
  4.0962722e-02
 -1.3950200e-01
  4.7746185e-02
 -1.0635330e-01
 -6.0697019e-02
 -3.8108636e-02
 -6.6171207e-02
 -5.5397019e-02
  6.1593480e-02
  2.9339617e-02
  3.1439323e-02
  2.2294676e-02
 -2.3678428e-02
  4.9441840e-02
 -7.6476209e-02
  4.4173200e-02
  8.2909472e-02
 -1.1704917e-01
  1.2523974e-01
  1.8722364e-01
 -2.4290426e-01
  1.5810578e-01
  4.6531782e-02
 -3.0050954e-01
  1.7136088e-01
  1.1232424e-01
 -3.3661697e-02
  2.4145932e-01
 -1.2702656e-01
 -5.8979429e-02
  1.7874550e-02
  1.0284726e-01
 -1.1848107e-03
  1.3365035e-01
 -4.8654448e-02
  2.4799719e-01
  1.4898512e-01
 -6.5747306e-02
 -4.3383066e-02
 -1.0898033e-02
  8.3783463e-02
  1.0375533e-02
 -6.6012278e-02
  3.5537746e-02
 -3.5066221e-02
 -2.7281133e-02
  6.8613932e-02
  1.4157790e-01
 -1.1225515e-01
 -3.2365013e-02
  9.7805697e-01
 -9.1590452e-01
 -1.7119524e+00
  7.1880490e-02
  9.9812263e-01
  1.6039921e+00
  4.7447678e-01
 -2.0021796e+00
 -1.1059897e-01
 -4.1818660e-01
 -5.8919823e-01
  6.5889716e-02
  6.2260342e-01
 -2.8537250e-01
  1.0528759e-01
 -3.5573310e-01
 -1.5687440e-01
 -3.2963634e-01
 -7.6083101e-02
  1.0051776e+00
 -3.0409396e-01
  5.8900874e-02
  1.6526453e-01
 -1.7372268e-01
 -1.0157446e-01
 -3.8466319e-01
  5.7284200e-01
  2.8729638e-01
  3.0022907e-01
 -9.0292223e-02
 -1.6538085e-02
 -1.8215232e-01
  5.3402394e-02
  7.1207799e-02
 -3.0802509e-01
 -3.9135057e-01
  3.1019312e-01
  6.2018208e-02
 -5.7734422e-02
 -6.1174333e-01
 -5.3071667e-02
  8.2101770e-02
  1.8108990e-03
 -2.3562722e-01
  2.1061678e-01
 -1.8099450e-01
 -7.9295464e-02
  2.1845269e-01
  4.4149350e-02
  2.5801202e-02
 -5.5689845e-02
 -5.6704160e-02
  9.2995189e-02
  3.2640046e-01
  1.0522030e-01
 -1.4605685e-01
 -2.1975842e-01
 -6.4405352e-02
  1.9009067e-02
 -3.8864963e-02
 -2.1625379e-02
  2.2429980e-01
  8.4500937e-03
 -5.1744521e-02
  5.9382115e-02
 -2.6071079e-02
 -6.2884957e-02
  4.7798067e-02
  6.8778463e-02
 -3.5075624e-02
 -6.6837586e-02
 -5.3912085e-02
 -1.4285250e-01
  3.0638536e-02
  4.3563239e-02
 -8.9778472e-04
 -5.1454764e-02
 -4.7056405e-03
 -6.0186308e-02
  6.6173866e-02
  8.3938137e-02
  2.4392246e-01
  3.9174292e-02
 -3.2364156e-02
 -1.9463228e-02
  2.8843870e-02
  4.4368900e-02
 -8.0355920e-02
 -5.4313980e-02
  4.5090087e-02
  5.1039290e-02
 -2.2465287e-02
  1.1202599e-02
  1.2760687e-01
 -3.3265441e-03
  9.7761966e-02
  6.7816809e-02
 -5.4956380e-02
  8.8851817e-02
 -3.8835533e-02
  3.6981527e-02
 -2.5067752e-02
 -5.4207556e-02
 -1.1498886e-01
  5.1562775e-02
 -1.1345134e-02
  7.4666338e-03
  1.5004794e-01
 -1.9829560e-02
 -5.9529856e-02
 -5.4229614e-03
  6.5633267e-02
  1.0559989e-01
  5.9243958e-02
 -1.3623876e-02
  9.2839532e-02
  5.3853765e-02
 -5.7807762e-02
 -1.6810205e-02
  4.8567783e-02
 -3.1539295e-02
 -7.8146696e-02
 -2.0178521e-02
  7.9866745e-02
  2.0284284e-02
 -1.4037488e-01
  1.3917787e-02
  9.2485240e-03
  3.7965488e-02
 -8.3172746e-02
  3.3782784e-02
  3.0517690e-02
 -3.0952362e-02
 -7.8917365e-04
  8.5931808e-02
  4.0349383e-02
  1.3130177e+00
 -5.4855591e-01
 -1.7967770e-01
  1.9185482e-01
  3.2964122e-01
 -5.5194753e-01
 -5.1452738e-01
 -3.1154726e-02
 -9.6829981e-02
 -1.5694895e-01
 -1.6835643e-01
 -8.2924134e-01
  4.6303198e-02
  1.8036106e-01
 -7.6725525e-01
 -1.0731248e-01
  4.8116463e-01
 -1.6105218e+00
  1.8295604e-01
  1.5227773e+00
  5.5667686e-01
 -8.2047683e-01
 -1.8276170e+00
 -1.0443964e+00
 -2.1954613e+00
 -1.0056777e+00
 -9.1919649e-01
  1.5269393e+00
 -3.8952121e-01
 -4.9837962e-01
  1.3958408e-01
  1.4418283e-02
 -3.3014694e-01
 -1.7397797e-01
 -8.9912802e-01
  2.4491999e-01
 -2.9116229e-03
 -4.1764823e-01
  7.4530351e-01
  2.7351844e-01
  9.2271581e-02
  2.6855236e-01
 -2.1025065e-01
 -1.2571895e-01
 -4.8688707e-01
  9.7501747e-02
  6.7785478e-01
  5.0388962e-01
  2.1357410e-01
 -5.9498543e-01
  4.3132445e-01
 -1.5020014e-01
  1.5394804e-01
 -7.5424641e-01
 -7.4004167e-01
  7.8958780e-01
 -1.8608756e-01
 -2.3937783e-01
 -2.8925979e-01
 -3.6166585e-04
  2.1094345e-01
 -4.9404392e-01
 -2.6536940e-02
  2.0644568e-01
 -4.2069118e-02
 -2.9882945e-03
 -2.7507106e-02
  2.1103644e-01
  5.1967155e-02
 -2.4099831e-01
 -5.8627182e-01
  2.7814865e-01
 -1.5844156e-01
 -8.8210210e-02
 -1.1384145e-01
 -4.9058723e-01
  8.6705476e-02
  4.9900945e-04
 -7.7669539e-02
  1.2486058e-01
 -3.5544705e-02
  5.7650235e-02
 -1.7372778e-01
  6.7691714e-02
 -5.2873008e-02
  1.0939289e-01
 -3.4853984e-03
  5.5399311e-01
  3.0588633e-01
 -2.4094747e-01
  1.2251452e-01
 -9.8435290e-02
  3.7368979e-02
 -4.6101477e-02
 -1.8417388e-01
  1.4972642e-01
 -7.1770400e-02
 -1.2141206e-01
 -1.0807564e-02
  1.4862876e-02
 -3.7363350e-02
 -6.1220463e-02
  2.1408299e-02
 -1.5280470e+00
  8.7376624e-02
  4.0737057e-01
 -4.1469264e-01
 -7.7784114e-02
  6.8154678e-02
 -3.9829069e-01
 -6.7267615e-01
  7.1569689e-02
  2.2787739e-01
 -9.2664057e-01
  4.3773124e-01
  1.1003194e-01
 -2.8652093e-01
  2.6628920e-01
  2.2633488e+00
  1.0143197e-01
  3.0282286e-01
 -6.2232596e-01
  5.3230429e-01
  2.0511428e-01
  1.1749309e-01
  1.8525942e-01
 -4.5460162e-01
  1.4208840e-01
 -1.2909673e-01
 -1.0073904e+00
 -8.6361170e-02
  4.6805348e-02
 -4.0419292e-02
  7.4586406e-02
 -5.6664413e-03
  2.3171131e-02
  1.0068323e-01
 -2.4118712e-02
  4.6298191e-02
  4.2173617e-02
  9.8620079e-02
 -2.2553083e-02
 -5.2611303e-02
  6.4645171e-02
 -1.4557092e-02
  2.1290602e-02
 -1.0531025e-01
  6.1630741e-02
  7.5252159e-03
 -2.8298676e-03
  2.3078270e-02
 -3.1875782e-02
  1.8122353e-02
 -2.1832725e-02
  1.5250603e-02
  1.0872281e-02
  4.6525206e-03
 -2.0625763e-02
  2.9985495e-02
  6.8001762e-02
  3.3348598e-02
 -8.2593694e-02
  5.3110346e-02
 -3.0429568e-02
 -1.4220417e-02
 -1.0165739e-02
  4.5217864e-02
 -2.1808071e-02
 -1.2461863e-01
  8.3833029e-03
 -8.5519411e-02
 -7.4933931e-02
 -6.7090370e-02
 -3.8429033e-02
 -2.3194413e-01
 -8.2359798e-02
 -1.0167595e-01
  1.7453028e-01
  1.3089901e-01
  2.6243787e-02
  1.2480228e-01
 -9.0582408e-02
 -8.5804239e-02
  2.1955030e-02
  7.8710608e-02
  7.7902384e-02
  4.0489990e-02
  4.0819079e-02
 -5.2775122e-02
  2.7521033e-02
  1.4011216e-01
 -9.2823654e-02
 -1.0593354e-01
 -4.4714231e-02
 -4.1614499e-02
 -1.1686461e-02
  5.0180305e-02
  4.1035194e-02
  8.5536949e-02
 -1.6307516e-02
 -4.0651511e-02
 -7.1362779e-02
 -6.1146680e-02
 -9.4538130e-02
 -4.8176035e-02
 -1.1963025e-02
 -4.4814140e-02
 -5.2081630e-02
 -3.1640854e-01
 -4.3656837e-02
 -8.3697759e-02
  2.7396593e-02
  4.0713117e-02
 -8.3156705e-02
  1.8899660e-01
 -8.0808900e-02
  4.9390584e-02
 -5.1663276e-02
 -6.9408193e-03
  7.8992732e-03
  7.2277784e-02
 -2.6358111e-02
 -3.6742687e-02
  2.5809271e-02
 -2.6310479e-02
  1.0454321e-02
  1.8899972e-02
 -3.9529040e-02
  5.8496878e-02
 -4.3495961e-02
 -7.8128511e-03
 -9.3572676e-02
  3.7114147e-02
 -3.5461524e-01
 -2.0970274e-02
  4.0186185e-02
 -6.0120174e-03
 -9.2580616e-02
 -2.9669356e-02
 -4.2173687e-02
  6.0293578e-02
  2.0619981e-02
 -4.5698214e-02
  5.9247352e-02
 -9.7484559e-02
  5.8144007e-02
  7.8363813e-02
  5.2002165e-02
 -3.0567871e-02
 -4.1624319e-02
  3.2002944e-02
  9.6812680e-02
 -8.7587006e-02
  3.1991430e-02
 -2.5223173e-02
 -6.0602773e-02
  2.0138109e-02
 -5.5192407e-02
  7.1913771e-02
  5.3400401e-02
  1.8568918e-02
  4.2049665e-04
  2.5395460e-02
  3.6898352e-02
 -8.6197346e-02
 -5.9594564e-02
 -2.1713503e-02
 -6.2878616e-02
  5.1508073e-02
  7.8137722e-03
 -1.5517671e-01
  9.1712819e-03
  1.6638438e-01
 -4.0010971e-01
  5.4070354e-01
 -7.3380202e-02
  3.3557257e-01
  1.1712881e-02
 -3.7541091e-01
 -2.0648602e-01
  4.7281310e-02
  1.1932188e-01
  1.7239082e-01
  3.6112151e-01
  1.4534515e-01
  1.0921040e-02
  1.8222198e-01
  1.2824908e-01
  7.2429396e-02
  1.2619144e-01
  5.6132417e-02
 -2.3301183e-03
  5.0787326e-02
 -2.7887675e-03
 -1.4965288e-01
 -1.7932571e-01
  1.2772448e-02
 -9.8070145e-02
 -2.1472419e-02
  7.5080290e-02
 -1.0715526e-01
  5.8837976e-02
  1.8746660e-03
 -5.5466916e-02
 -1.2360801e-01
  1.3303514e-02
 -7.8911051e-02
 -1.2012493e-01
 -3.1801797e-02
  2.2384524e-03
  8.1484102e-02
 -4.2470875e-03
 -2.2299510e-01
  4.3270696e-02
 -6.3887820e-02
  1.0590946e-02
  4.4223819e-02
  4.7367088e-02
  2.4572428e-02
  1.6972136e-02
  5.5971935e-02
  2.6624586e-02
  4.9398053e-02
 -7.5083330e-02
  1.8193189e-02
 -2.4777971e-04
  2.2088274e-02
  1.0110094e-02
  8.2293991e-03
  2.3502694e-01
  1.0235929e-02
 -6.5752439e-02
 -5.9981598e-03
  4.1446332e-02
 -2.9279299e-02
  4.1833863e-02
  9.0679666e-03
 -2.3840591e-02
 -1.9018862e-01
  7.4548572e-02
  8.8586783e-01
  1.2539506e+00
 -4.8292804e-01
 -4.4668213e-01
 -7.8518116e-01
 -1.9537064e-01
  8.2510495e-01
  8.0903971e-01
 -3.5936391e-01
 -4.5591339e-01
 -1.8501933e-01
  2.4637857e-01
 -2.6941149e-02
 -1.5417442e-01
  2.1795083e-02
 -6.7760259e-02
  1.1090057e-01
  3.8433120e-02
 -2.9708423e-02
  9.1417924e-02
 -1.1462196e-01
  4.1725814e-02
 -4.1478757e-02
 -1.9910395e-01
 -9.9859580e-02
 -1.7996429e-01
  7.4197784e-02
  2.2687274e-01
 -2.1451588e-01
  1.2143016e-01
  7.6627873e-02
 -2.4781065e-02
 -7.4448824e-02
  9.5048510e-02
  1.7312033e-01
 -8.2453042e-02
 -4.7336307e-01
 -6.8952836e-02
  1.8453974e-01
  7.4560605e-02
  7.4799329e-02
 -1.1001668e-01
 -1.7023024e-01
  2.5496882e-01
  5.6347542e-02
 -1.6031185e-01
 -9.0456255e-02
 -8.0771193e-02
  2.1100783e-01
  1.2785867e-02
 -8.4586732e-02
  9.1320304e-03
 -3.6792859e-02
  1.2008926e-01
  1.5061133e-01
 -9.7964868e-02
 -2.6677907e-01
 -8.3828339e-04
 -1.3959887e-02
 -3.0120540e-01
 -3.0123668e-02
  2.5544763e-01
 -2.3730282e-02
 -1.4911188e-01
  2.6134662e-02
  8.3786668e-03
 -1.3253404e-01
 -5.7229225e-02
 -5.3239618e-03
 -1.4280465e-02
  5.1861241e-02
 -8.5009165e-02
 -9.4500095e-02
 -3.8452722e-02
 -6.3721396e-02
  5.6243133e-02
  2.9821943e-02
 -5.2501153e-02
 -1.6318062e-02
  9.7648896e-02
 -2.1585368e-02
 -8.6300090e-02
 -2.9848064e-03
 -5.5035643e-02
 -1.1982676e-02
  8.0769248e-03
  1.0152007e-02
  9.2393510e-02
 -1.7767945e-02
  8.7765306e-03
 -2.4207760e-02
  7.0746215e-03
  4.2039357e-02
  2.7573477e-02
 -1.0165708e-01
  6.3473046e-02
  6.8369195e-02
 -1.7908525e-02
 -3.4326024e-02
  2.4284769e-02
 -9.6867360e-02
  2.3822002e-02
  2.1418811e-01
 -3.4414560e-02
  2.7292036e-02
 -1.9274783e-01
  1.6761190e-01
  9.1134131e-02
  2.5914925e-01
 -1.1112094e-01
  2.4386352e-02
  5.7751272e-02
 -7.0947029e-02
  1.8118845e-01
 -1.8099131e-02
  5.7377875e-02
 -8.7864064e-03
  3.6666542e-02
 -7.4336559e-02
 -1.7948730e-01
 -3.7951883e-02
  1.7130251e-01
  1.1097416e-01
 -4.5762889e-02
 -2.5982814e-02
 -1.5960896e-01
 -3.3916622e-02
 -1.8874317e-01
  3.3114966e-02
  9.2223771e-02
 -7.3455378e-02
 -8.3530530e-02
 -1.5495795e+00
 -3.4260832e-02
 -1.8399339e-03
  3.4119640e-02
  1.1978212e-02
 -6.4328082e-02
  8.2292140e-02
  1.5188073e-01
  1.3225871e-01
  4.5076385e-01
 -1.7188638e-02
 -5.2712187e-02
  3.1670902e-02
  3.2965371e-01
 -1.9136553e-01
  3.9411899e-01
  4.4080764e-02
  2.4969934e-01
 -3.5579368e-02
 -1.2483371e-01
  2.2306462e-01
  1.9901097e-01
  5.0008547e-02
 -1.5095887e-01
 -1.9927323e-01
  8.4937744e-02
  7.1372844e-02
  2.0636335e-02
  8.3554335e-02
  2.1839416e-01
 -2.2745409e-05
 -2.3701480e-01
 -4.4000270e-03
  9.9008262e-02
 -3.1653993e-02
  2.6154913e-02
 -1.0743865e-02
  3.4518037e-02
  3.1829053e-03
 -7.2231092e-02
 -9.0330459e-02
  6.3158460e-02
 -5.7044335e-02
 -5.3108968e-02
  1.2257494e-01
  7.6981507e-02
 -1.2014093e-01
 -1.2676272e-01
 -1.7991524e-02
  2.0707337e-02
 -4.1304007e-02
  3.1468183e-02
 -4.6468366e-02
 -1.0727729e-01
  4.7833279e-02
  8.7478988e-02
 -3.8432097e-03
 -2.8884577e-02
  2.1746792e-02
 -2.6557248e-02
 -2.0445226e-02
  4.5674607e-02
 -2.0003222e-02
 -6.5377973e-02
  9.1742845e-03
  1.1640207e-02
 -5.4832324e-02
 -4.2056583e-02
 -2.9400153e-02
 -1.4569735e-02
  3.5750773e-02
  3.9012548e-02
 -2.1556539e-02
  9.5445532e-03
 -1.4383069e+00
 -5.0798953e-03
  1.2764635e-02
 -2.7422640e-02
  6.5166518e-02
  2.5668150e-02
  1.4297166e-01
 -2.9569041e-02
 -4.0191092e-02
 -2.9044444e-02
  7.5767547e-02
 -4.4128273e-02
  6.2115479e-02
 -7.8537166e-02
 -5.1950082e-02
 -2.2649644e-01
  2.5683146e-02
  9.7852618e-02
  7.8537397e-02
  3.4570564e-02
 -2.6121488e-01
  5.5430047e-03
  1.6815716e-02
 -1.2842323e-02
 -3.2551635e-02
  7.3908754e-02
  5.9070405e-02
 -5.5805612e-02
  1.7373632e-01
 -9.5076554e-02
  1.6019434e-02
  3.5747740e-02
  4.7837470e-02
  2.5906166e-01
  2.5907647e-02
  3.2842975e-02
  1.6450465e-01
  1.9850950e-01
 -9.6430227e-02
 -7.0769517e-03
  1.3966826e-01
  2.3218378e-02
  2.2327195e-01
  4.9913995e-02
 -2.7226476e-02
  1.4823049e-01
 -5.7013504e-02
 -2.7798317e-02
 -4.5269202e-02
  3.2173082e-02
 -1.0397650e-02
 -4.2753179e-02
 -7.6648571e-02
 -1.0482122e-03
 -4.8117537e-02
  1.1450248e-01
 -2.6896650e-02
  1.5288410e-01
  4.4587366e-03
 -1.4989692e-01
  2.4777610e-02
  5.8101084e-02
 -1.3149098e-02
 -4.2263526e-02
  8.9590900e-02
 -6.8611786e-02
  1.4541268e-01
 -1.0252591e-01
  2.4801869e-02
  1.7036612e-01
 -4.0762568e-01
  1.6682349e-01
  1.6125049e-01
 -9.8079666e-03
  3.1280801e-01
  1.8904686e-01
  3.0034482e-01
  2.7758813e-01
 -2.3013243e-02
  2.1283084e-01
  8.6328492e-02
  2.3760761e-01
 -5.0292656e-02
  5.2727375e-02
 -2.9703693e-02
 -1.5158364e-01
 -1.0013368e-01
 -5.2064635e-02
  1.1462532e-02
  5.3112581e-02
 -4.2491159e-03
  8.3401181e-02
 -6.9581874e-02
 -7.6917261e-02
 -9.7201392e-02
  7.1819343e-02
  4.4014663e-03
  1.6271148e-02
  1.0541252e-02
 -1.1546625e-01
 -5.4202855e-02
 -2.9006433e-02
 -2.3265190e-01
 -4.4345289e-02
  3.1832032e-02
  3.3657942e-02
 -1.0449272e-01
 -5.8651600e-02
 -4.3681547e-02
  4.6622414e-02
  4.2067870e-02
 -2.7372273e-02
 -4.0852211e-02
 -1.7633107e-03
 -8.0968790e-02
 -7.2034360e-03
  3.9139345e-02
  4.9922471e-03
 -3.9056119e-02
  3.1479947e-02
  3.5875537e-02
 -5.8993433e-02
  7.4284278e-02
 -3.5877044e-03
 -4.2034853e-02
 -1.0620593e-01
 -9.7008668e-02
 -2.4716267e-02
 -1.4127782e-02
 -4.4941481e-02
 -1.1610701e-02
  5.8620512e-02
 -1.4039013e-01
  5.6053173e-02
  7.9397067e-02
 -1.4216612e-01
 -1.5902932e-01
  6.6815801e-02
 -3.3113986e-01
 -1.7254812e-01
 -8.2084769e-03
 -1.8283866e-01
  1.5791617e-01
  2.1762474e-02
 -1.0996508e-01
 -6.9237493e-02
 -1.1208915e-01
 -3.1840406e-02
 -1.9826833e-02
 -8.1693433e-02
 -7.6916866e-02
  6.5920874e-02
  8.7846287e-02
  2.2834261e-01
  1.6483006e-01
 -1.1437220e-01
 -6.4230012e-03
  4.7444597e-02
  3.2478545e-02
 -8.7856181e-04
 -9.2035621e-02
 -2.8048791e-02
 -9.7057834e-02
 -1.7757568e-01
  4.7258612e-02
  6.2502205e-02
 -3.1179702e-02
 -3.7923466e-02
 -2.6797557e-01
 -9.8129779e-02
  3.6173832e-01
  6.5464020e-02
 -1.5723352e-01
 -4.6833988e-02
 -1.8890019e-01
  1.3573250e-01
  9.9258795e-02
 -3.3108097e-02
  2.3388840e-02
  4.4177052e-02
 -1.0472213e-01
 -2.5691004e-02
 -4.7023248e-02
 -8.2177974e-02
 -3.4603231e-02
 -6.0353287e-02
  8.2835359e-03
 -1.0499863e-01
 -1.3452816e-02
 -3.4266323e-02
  1.4727184e-02
 -6.7573474e-03
  2.5960723e-02
 -3.3749025e-02
 -7.1381584e-02
 -8.7904841e-02
  9.4653107e-02
  1.6049283e-02
 -4.0966395e-02
 -3.4055691e-02
 -9.1064379e-02
 -2.2504439e-03
 -8.9061417e-02
  5.1121492e-02
  1.2485819e-02
  7.3673934e-02
 -5.3261831e-02
  5.0224211e-02
  4.0594155e-01
 -5.5609804e-02
 -8.6131699e-02
  8.6349532e-02
  3.3393010e-02
  5.7751786e-02
  6.8585724e-02
  2.1845385e-02
  1.4404032e-02
 -5.8807842e-02
 -1.0517030e-02
 -4.2272344e-02
 -9.7377980e-03
 -1.1287550e-02
 -3.1011919e-02
 -9.5125824e-02
 -8.8987121e-04
 -4.7643643e-02
 -2.2057138e-02
  1.2829101e-02
 -6.0096573e-02
 -2.9247843e-02
  3.5258371e-02
  2.2969523e-02
 -6.8379633e-02
 -3.7001949e-02
  2.3310753e-02
  4.2444333e-02
  1.0354543e-02
  6.8690471e-02
 -1.0035827e-01
 -1.6238257e-02
 -2.2826707e-02
 -1.4018780e-01
  2.5615517e-02
 -6.9515638e-02
  1.5891550e-02
 -7.5451406e-03
 -3.7640903e-02
 -4.8292294e-02
  3.5360208e-01
  3.4775160e-02
  1.1281748e-01
  1.5474890e-02
  4.9595088e-02
 -2.8262942e-03
  8.1376528e-04
  1.4879076e-01
  2.4566881e-02
  7.6643698e-02
  4.7152825e-02
 -2.1904085e-02
  7.1769282e-02
 -3.1337090e-02
  6.6268273e-02
  1.1084310e-01
 -5.6555636e-02
  1.4763824e-02
 -2.0174999e-02
 -1.0886731e-02
 -7.9358459e-02
  1.0518542e-02
  5.4632384e-01
 -4.7060553e-02
  9.4146043e-02
  1.5135133e-01
 -3.5345075e-01
  5.8474749e-02
 -1.2097602e-02
  3.3542508e-01
 -7.3498338e-02
 -2.4587274e-02
  4.0460289e-02
 -1.2934397e-01
 -1.8796593e-01
 -1.3673115e-01
 -4.5773711e-02
 -3.8352896e-02
 -1.4100456e-01
  6.9740742e-02
  1.4018823e-01
  7.0992962e-02
  1.8945413e-02
 -2.0408739e-01
  5.1151514e-02
  1.2261567e-01
  1.1655689e-01
  1.0450597e-01
  1.7661097e-02
 -1.5076257e-01
 -3.8959354e-02
 -7.6778740e-02
  4.1159626e-02
 -3.2206986e-02
  1.1439121e-01
 -6.5512277e-02
  4.4283453e-01
 -7.7353537e-02
 -4.8971573e-01
 -1.2231777e-01
  1.0498261e-01
 -2.2986199e-01
  3.3944407e-01
 -3.3490160e-01
 -1.7996874e-01
  3.9622483e-01
 -6.0354102e-02
 -3.0331038e-02
  7.5161338e-02
  4.9107183e-02
  1.3449600e-01
 -2.9997814e-02
 -2.9458821e-01
  2.0750053e-03
 -9.4891146e-02
 -1.0637829e-02
 -5.8156899e-03
  2.6088448e-02
  1.1719207e-04
 -1.6676728e-01
  3.2196231e-02
 -1.0846410e-01
  1.4589949e-01
  8.3397970e-02
  7.2674714e-02
 -4.7816407e-02
 -2.0711068e-02
 -1.0137833e-01
 -3.6791820e-02
  2.3595748e-02
  2.3351742e-02
  3.6177484e-03
 -2.8310120e-02
 -1.1424345e-03
  1.6747952e-02
 -4.3686241e-02
 -7.4734546e-02
  8.6928355e-03
  3.4997921e-02
  2.8751731e-02
 -3.7478261e-02
  3.9617173e-02
  4.7240764e-02
  7.4925744e-03
  8.0281980e-02
 -2.4102287e-02
  3.4922443e-02
  8.9898273e-02
  1.7139054e-03
 -1.3390392e-03
 -3.1158056e-02
 -2.6546687e-02
 -3.7627682e-02
  4.3840107e-02
 -1.0996393e-02
 -2.5942283e-02
  1.0961222e-01
  4.7502741e-03
  7.3680870e-02
  8.4208503e-02
 -4.5122646e-02
 -4.7886554e-02
 -4.7031600e-02
 -2.9482919e-01
  3.3449480e-01
  2.3021549e-02
  3.1752229e-01
  1.5179360e-01
  9.2261350e-03
 -5.7002041e-02
 -3.1321146e-02
  3.5634521e-02
 -2.3406988e-01
  6.8430489e-01
  4.4972661e-01
  1.2819858e-01
  2.3515242e-01
  2.2288634e-01
  1.1690315e-01
 -5.7516825e-01
 -2.1600489e-02
  1.8560828e-01
 -2.1473158e-02
  6.0587817e-01
  3.3526081e-01
 -3.6404750e-01
 -3.1550594e-02
 -2.2821955e-01
  3.3292887e-01
 -5.7916809e-02
 -2.8751165e-01
  2.9696906e-01
 -1.4902847e-01
 -1.0875597e-01
  8.8923566e-02
 -1.0825462e-01
 -1.0380498e-01
  3.8481250e-02
  1.1938653e-01
  5.0362613e-04
 -1.6104981e-01
  4.7247507e-02
  7.9997145e-02
  9.2882188e-03
 -2.5381905e-01
  2.6384369e-01
  1.7794678e-02
  2.7438302e-02
  6.2872052e-02
 -4.6040095e-02
 -4.2792890e-02
  1.6903030e-02
 -1.5684593e-02
 -1.8122001e-01
  8.3521038e-02
 -8.4794138e-04
 -1.3846044e-01
  5.9514143e-02
  1.9351399e-01
 -4.3000259e-02
 -3.2398820e-02
 -3.8582828e-02
  9.3612177e-03
  1.1421558e-01
 -5.2723359e-02
  5.6208529e-02
  6.6269457e-02
  2.6639549e-02
 -4.3461584e-02
 -5.7915367e-02
  2.2377340e-01
  4.5429058e-02
 -6.2999338e-02
 -6.9233671e-02
 -1.9386910e-02
 -7.5733505e-02
 -2.8577065e-02
 -1.1935756e-01
  2.3668076e-01
 -9.9228017e-02
  2.0195972e-02
  1.6768877e-01
  4.3613490e-02
 -5.4720668e-03
  1.2233903e-01
 -6.3500382e-02
 -2.6692718e-02
 -6.5590538e-02
 -1.1188070e-02
 -1.7516248e-01
 -2.4517953e-02
  2.2362629e-03
  1.1165459e-01
 -2.1040925e-01
 -2.4217771e-02
 -9.7046040e-02
 -1.4634362e-01
 -9.0880645e-03
 -4.4886559e-02
  2.6051613e-02
 -5.5308133e-02
  2.1127710e-02
 -2.0311272e-01
  7.2512500e-02
 -9.3571931e-02
 -1.3279335e-01
  3.3733073e-01
 -6.8234903e-01
 -1.9558036e-01
  2.5584152e-01
 -6.0009249e-03
  1.7389894e-01
  2.5492203e-01
 -4.3822038e-01
 -6.3666038e-04
  5.4428168e-02
  1.1923204e-02
 -2.6799896e-01
  1.1390988e-01
  2.3173911e-02
 -8.8968515e-02
 -9.3892589e-02
  4.4265967e-02
 -3.0210435e-01
 -7.9423681e-02
 -3.0566499e-02
  2.3182657e-01
  7.4107379e-02
  2.1425310e-01
 -2.6079226e-01
 -3.5630219e-02
 -3.1139401e-01
  1.8377651e-01
  2.4075527e-01
  2.3496734e-01
  1.0170590e-01
 -2.1193741e-02
 -1.1353736e-01
 -1.3200738e-01
 -4.3450750e-02
  2.5144297e-01
 -2.4236466e-01
 -3.2509381e-01
 -2.4738869e-02
 -6.5102398e-02
  4.2998433e-01
  1.5137242e-01
 -3.9228880e-01
  2.6782641e-02
  1.3739158e-02
  2.8929216e-01
 -9.0209067e-02
  1.9336358e-01
 -7.9792924e-02
 -1.7036748e-01
 -1.7046486e-01
  6.6863954e-02
  5.3536847e-02
 -1.1257318e-01
 -3.4475660e-01
 -2.2860874e-01
  2.9970643e-01
  2.4332395e-01
  1.8945621e-01
 -7.8993224e-02
  1.7037840e-01
 -7.1589366e-02
 -1.5052791e-01
  9.0256229e-02
  2.1912639e-01
 -2.5870521e-02
  9.9107802e-02
  1.5127182e-01
  1.7800594e-02
 -2.2374565e-02
  9.2511140e-02
  4.3982349e-02
  8.2882814e-02
  7.6308906e-02
  5.5224489e-02
 -1.6315136e-02
  1.2162290e-02
 -1.3537942e-02
  2.2389956e-02
  4.5838892e-02
 -3.7377190e-02
 -1.9528939e-03
  4.5622859e-02
  3.7683831e-03
  2.7573684e-02
 -3.5690259e-02
 -3.7428841e-02
 -1.0644192e-01
  4.3540776e-02
  1.4846884e-01
 -4.3889247e-02
 -1.6931896e-01
 -1.0460562e-01
 -1.2521273e-02
 -1.5787169e-02
  2.3292078e-02
  3.2877211e-02
  1.7273596e-02
 -5.9871320e-02
 -2.7888417e-02
  5.3669699e-03
 -2.6662825e-02
 -1.3001013e-01
  2.6407247e-04
 -1.4701512e-01
 -3.1752591e-03
  5.4099793e-03
 -2.5676012e-02
  4.7979797e-03
  2.5775331e-01
 -5.0459534e-01
 -4.6253029e-01
 -2.1469736e-02
 -1.7715554e-01
  5.3319767e-02
 -5.9451640e-02
 -6.4356878e-02
 -2.8378578e-02
 -2.7673027e-02
  5.4141883e-02
  1.0197390e-02
  7.9343254e-03
  2.6848670e-02
 -4.7035102e-02
 -2.0302277e-02
 -4.8254576e-02
  5.1684771e-02
 -1.5291630e-02
  9.8814845e-02
 -4.5463882e-02
 -3.4637317e-02
  2.2194310e-01
  1.3092095e-02
 -5.8148775e-02
 -8.2573816e-03
 -1.0175173e-01
  5.9341155e-02
 -7.6914787e-02
 -5.6783151e-02
 -9.2458520e-03
 -1.2520063e-01
 -2.9912882e-02
 -3.3325605e-02
 -8.6838819e-02
 -1.6474418e-02
  2.0208193e-02
 -6.7357160e-02
 -8.1516743e-01
 -5.0621284e-03
 -5.2010049e-03
  6.0301762e-02
  4.7653969e-02
  2.0295247e-02
  1.5616661e-01
 -2.2589142e-02
 -3.7696745e-02
 -8.5512567e-03
  1.2574628e-02
  5.7486712e-04
 -5.9938032e-02
 -5.7962440e-02
  1.4782115e-02
 -1.8664297e-03
 -1.8283932e-02
  5.5648033e-02
  3.8885914e-02
 -3.6170952e-02
  1.6170649e-01
  4.6086926e-03
 -1.8692754e-03
  8.2199700e-02
 -6.6034622e-02
 -4.7271630e-01
 -4.1226193e-02
  4.3497190e-02
  2.0674616e-01
  3.0028880e-02
  4.0987439e-02
  2.2252996e-01
 -4.3994311e-02
  3.7297875e-02
 -2.1539460e-01
  3.4873846e-01
 -2.4074574e-01
 -1.1755349e-02
 -8.2283631e-02
  1.3107870e+00
  5.9379876e-01
 -1.1436199e-01
 -1.8920233e+00
 -1.6900485e-02
  1.2123632e-03
 -2.2964064e-02
  1.5567526e-02
 -1.8290381e-01
  4.2167928e-02
  2.5352621e-01
  3.2598504e-01
  4.2259257e-02
 -6.8284668e-02
 -5.9124336e-02
  8.0088735e-02
  3.0414574e-02
 -1.2991075e-01
 -1.3475330e-01
 -5.9117638e-02
 -1.4200448e-02
 -3.7480988e-02
 -3.8962916e-02
 -1.2920425e-02
 -5.7509322e-02
  8.8199809e-02
 -4.9476780e-02
  8.4529839e-02
  3.5239354e-02
 -4.6027202e-02
  1.1953283e-01
  2.6731497e-01
  1.3895971e-02
 -7.7549547e-02
  4.2572834e-02
 -8.8941947e-02
  1.2473681e+00
  6.8845116e-03
 -1.5892422e-01
 -2.8775579e-01
  7.5288050e-02
 -8.4911324e-02
 -4.0361959e-01
  1.2717378e-01
 -6.2534638e-02
 -1.7453857e-01
 -4.1218802e-01
 -1.8297513e-01
  2.3005068e-02
  3.6208384e-02
 -8.9364749e-01
  3.0164006e-01
 -2.3666571e-01
  3.4695557e-01
 -8.7830890e-03
 -7.4944697e-02
  5.4442231e-03
  1.3976986e-02
 -2.2799835e-01
 -8.4526530e-03
 -2.1099128e-01
 -4.3773305e-01
 -6.2753484e-03
 -2.8985071e-01
  2.2667703e-01
 -3.6486682e-02
  1.4188729e-01
  1.0504685e-01
  1.4538105e-01
  6.9647445e-03
 -1.6421844e-01
  8.7580547e-02
  2.6981380e-02
 -9.1550261e-02
  2.3570730e-01
 -1.5670756e-01
 -1.1837934e-02
 -4.7954217e-01
 -2.1806648e-01
 -6.2485490e-02
 -5.4003769e-01
  4.4600269e-01
 -8.4029205e-02
 -6.0587417e-02
 -4.0932383e-02
  4.2197042e+00
 -5.2215552e-01
 -8.3629215e-01
  9.0437496e-01
  5.4377633e-01
  1.3953121e-01
  3.6105547e-02
 -2.7778583e+00
 -2.6182294e-01
 -2.0661479e-02
 -1.2087986e-01
  2.5705380e+00
  1.3418930e+00
  4.1044068e-01
 -1.6360294e+00
  1.2778872e-01
 -2.4536469e+00
  1.3369046e-01
 -1.3085380e-01
  1.4031286e+00
 -1.7982938e+00
 -4.6908578e-01
  5.1227593e-01
 -9.9297069e-02
  7.6365358e-01
 -3.4502769e-01
 -3.1199449e-01
  5.2605385e-01
 -1.5341719e+00
 -3.7711370e-01
 -3.7969846e-01
  3.2809839e+00
 -7.2901303e-01
 -1.7510515e-01
 -1.6500535e+00
  1.4136090e+00
 -1.0889877e+00
 -7.2079569e-01
 -9.0466183e-01
 -5.1823545e-01
 -1.1628897e+00
 -2.7247292e-01
 -3.7022398e+00
 -9.8010308e-01
 -7.6427931e-01
 -4.6123900e-02
 -1.2671579e-01
 -8.1423622e-01
 -4.2982930e-01
 -4.0647581e-02
 -3.1230593e-01
  1.6695693e-01
  3.3383965e-01
 -2.8029540e-01
  8.8361311e-01
 -1.1935884e+00
 -1.4348297e+00
  1.1373006e+00
  5.9637696e-01
 -1.2623252e-01
 -1.2717309e+00
 -4.8258659e-01
  1.7838731e+00
  5.9623748e-01
  7.9922773e-02
  1.1379118e+00
 -1.3200706e+00
 -6.6175890e-01
  3.7588444e-02
  9.8404449e-01
 -8.1756341e-01
  8.9250147e-01
 -1.4832309e-01
 -5.5775917e-01
  2.6313752e-01
  1.3282063e+00
 -1.2131968e-01
 -9.5374277e-03
  3.6460459e-01
 -1.1044712e+00
  4.0124997e-01
  1.1276770e+00
 -7.2687072e-01
 -1.0288719e+00
 -2.2303680e-01
  1.6943775e+00
  9.7181672e-01
 -6.9669855e-01
 -4.1876283e-01
 -4.6130139e-01
  1.1849329e+00
  1.4152431e-01
 -1.6113615e-01
  4.1975331e-01
  2.8943720e-01
  3.4357834e-01
 -1.4154157e-01
 -1.5944469e-01
 -8.3233148e-01
 -1.3786802e+00
 -6.1516713e-02
 -4.8468746e-02
  1.2500843e+00
 -7.4902934e-01
 -1.0392834e+00
  2.9732221e-01
 -1.4816915e+00
 -1.1391027e+00
  2.3110355e-01
 -1.0903454e+00
 -4.5659408e-01
  1.1192853e+00
  6.7396706e-01
 -5.8312569e-02
  6.4624512e-01
  1.8663538e-01
  5.4182822e-01
  7.5336438e-01
  1.5248685e-02
 -1.4884081e+00
  1.3157103e+00
 -1.1483111e-01
  5.7976401e-01
 -9.9424046e-01
  2.8400531e-01
  1.0922024e+00
  7.9975414e-01
 -1.9758908e+00
  1.1679415e-01
 -3.3477327e-01
  1.5871980e+00
 -1.2397724e+00
  2.9845911e-01
  2.1830937e-01
  4.5024937e-01
  3.0093840e-01
  9.7064309e-02
  8.6007178e-02
 -5.2805184e-03
  9.4898358e-02
  1.4324614e-02
 -1.3723783e-01
 -1.5117789e-02
 -1.6640298e-01
 -2.6367823e-02
  1.6761141e-01
  1.0758132e-01
 -1.2204983e+00
  6.0593927e-01
  1.3065031e-01
  2.8860468e-01
  1.7519741e+00
  2.3514417e-01
  4.4928398e-02
 -5.2087134e-01
  3.5080194e-01
  1.1686847e+00
 -2.8448689e-01
  7.8729890e-02
 -2.5114629e-01
 -1.0060389e+00
  6.5518796e-02
  1.6909535e+00
 -6.4814365e-01
 -2.0468159e-01
  3.7381768e-01
  1.4832194e-01
 -3.5094342e-01
  1.7361213e-01
 -3.1106570e-01
  3.5335794e-01
 -1.1181270e-01
 -1.1653658e-01
 -1.1778840e-01
 -1.6261238e-01
 -7.3634207e-01
  8.1360692e-01
 -3.9086241e-01
  2.3900218e+00
  1.4608034e+00
  2.5311863e+00
  3.6414199e-02
  4.0409863e-01
 -7.3779702e-01
  6.9458514e-01
 -6.4688183e-02
 -1.4672881e-01
  1.6160654e+00
  2.4401796e-01
 -5.1853073e-01
 -7.0178497e-01
  2.7814987e-01
  1.6082803e+00
 -3.3438638e-01
 -1.0064598e-01
  4.9827719e-01
 -4.0389058e-01
  1.9491032e-01
 -3.5419321e-01
 -1.9399959e+00
 -1.0317826e+00
 -1.9599855e+00
 -2.4821942e-01
  7.8525150e-01
 -1.4202316e-01
  5.6864762e-01
  5.0172174e-01
 -5.6663293e-01
  3.0752352e-01
 -8.9577734e-02
  1.5254775e+00
  1.4594175e-01
 -1.0432023e+00
  1.7260642e+00
 -2.8395614e-01
  6.5125698e-01
 -4.9439088e-01
 -2.3030195e+00
  6.9314128e-01
  2.5058656e+00
 -8.4919161e-01
  8.3119190e-01
 -9.2207950e-01
  7.3747659e-01
 -1.2660229e+00
  7.4638925e-02
  1.1305493e-01
 -2.8359446e-01
  4.0853864e-01
  7.2934873e-02
  5.8550769e-01
  9.6561509e-01
 -2.5399858e-01
 -1.9131662e+00
 -9.6749914e-01
 -1.2521479e+00
  2.1590349e-01
  1.2086947e-01
 -4.8883710e-02
  3.1110218e-01
 -6.0410857e-01
 -2.9093733e-02
 -5.7169670e-01
  1.4152156e+00
 -1.8561080e+00
  8.0898142e-01
  7.5804460e-01
  5.9956926e-01
 -5.4603964e-01
  6.8208657e-02
  1.7943569e-01
  6.9966632e-01
  3.0755505e-01
  2.7212176e-01
  1.3956497e+00
  1.3237478e+00
  8.4700748e-02
 -5.5765313e-01
  7.9947215e-01
  7.1041262e-01
 -7.9067612e-01
 -1.9220665e-02
  3.6027247e-01
 -4.6311933e-01
 -3.1135380e-01
 -5.5239606e-01
  6.1979637e-02
  2.1585734e+00
  5.9898263e-01
  1.5887207e-01
  9.6567951e-02
 -1.3394512e-01
 -1.5633233e-02
 -5.1024042e-02
  1.8634926e-01
  1.0077095e+00
 -8.4038770e-01
  1.2838696e+00
  1.2275168e-01
 -1.8175871e+00
 -3.5586575e-01
  3.2002485e-01
  3.1935957e-01
 -1.6487090e-01
 -6.9853097e-01
 -7.8320026e-02
  1.3098229e+00
  1.3800031e+00
  7.9389471e-01
 -1.2050247e+00
 -2.3320003e-01
  8.2221687e-02
 -8.8431585e-01
  2.1570602e-01
 -2.9309255e-01
  1.0587374e+00
 -4.7679117e-01
  7.1490657e-01
 -4.1311243e-01
  2.9658005e-01
  2.2673297e-01
  6.3426840e-01
 -2.1632507e-01
  9.3525720e-01
  2.8231937e-01
  9.9898085e-02
  2.0475882e-01
  2.5568063e+00
 -7.6721531e-01
 -1.5788762e-01
  2.0067980e+00
  1.6119561e+00
  1.1351708e+00
  9.6846797e-02
  4.7068179e-02
 -3.9296210e-02
  2.5241169e-01
 -1.8257105e-01
  4.1356099e-01
 -5.3039294e-01
  3.2761315e-01
  1.8252571e+00
 -2.8241611e+00
  9.0138572e-01
  2.3442820e-01
 -1.3756488e-01
  1.0797924e+00
  4.8321265e-01
  4.9925530e-01
  3.8651776e-01
 -1.7593923e-01
 -4.7856894e-01
 -7.8255206e-01
  9.3074191e-01
  4.7784746e-02
  3.7494126e-01
  9.6409702e-01
  1.1557267e-01
 -1.0177983e+00
  1.0570077e+00
 -1.8404026e-01
 -6.6336405e-01
 -1.3787376e+00
  2.0396535e+00
  1.2329586e+00
 -5.0600278e-01
  3.2263145e-01
 -1.2588260e+00
  3.5245636e-01
  8.1775510e-01
 -1.5060295e-01
  1.2367905e+00
  1.7112739e-01
  1.1928717e+00
 -2.8809094e-01
 -1.2853637e+00
  5.7849723e-01
 -2.4667007e-01
  7.6757438e-02
  4.6840733e-01
 -3.0431102e-03
  2.9253694e-01
 -3.3790451e-02
  1.4998318e+00
  1.0020891e+00
 -1.1057314e+00
  5.4685432e-01
  5.6005460e-01
  1.6270949e+00
 -4.2289221e-01
 -1.7281576e-01
  1.0012371e-01
  5.9817106e-02
  5.5347722e-02
  3.0129223e+00
  9.5641322e-02
  1.6087834e+00
 -1.1790718e-01
  3.5337171e-01
 -3.5642412e-01
  4.2573437e-01
  8.5567784e-01
  4.9976921e-01
  5.2237868e-01
  4.1624941e-02
  9.6123414e-03
  1.5087016e+00
  2.0683463e+00
 -7.4566990e-02
 -9.6652925e-01
 -8.2001919e-01
 -1.0755130e-01
 -1.0848472e+00
  6.1959988e-01
  2.3799038e-01
  7.7017075e-01
  2.4728571e-01
 -1.6625328e-01
  4.2163667e-01
  5.4671270e-01
 -7.6367515e-01
  3.5301872e-02
 -2.2959316e-01
 -9.3581420e-01
  3.3629907e-03
 -5.7356352e-01
  5.6149412e-02
 -5.0276989e-01
 -1.8289074e+00
 -7.2535938e-03
 -1.0167405e-01
  1.1381819e+00
 -1.0729482e+00
 -5.3362846e-01
 -1.5916950e-01
 -5.3320616e-01
 -3.7089783e-01
  7.6786172e-01
  1.7945504e-02
  2.4242094e-01
  7.0749778e-01
 -7.1823120e-01
 -1.0755559e+00
  4.0495569e-01
  8.0026162e-01
 -2.4198881e-01
 -6.4386851e-01
  1.9421941e-01
  4.2434469e-01
 -4.5946378e-01
 -1.5200233e-01
  4.1402096e-01
  1.7486554e-01
 -1.1517491e-01
 -8.5626173e-01
 -4.2704445e-01
 -1.8663479e-01
 -1.2836039e-02
 -2.8176088e+00
  3.8524038e-01
  4.1674241e-02
  1.2557328e+00
  3.5359702e-01
 -1.2809497e+00
  1.8377718e-01
 -1.8290067e-01
 -7.2428221e-01
 -4.2588589e-01
  6.3079071e-01
 -3.0833614e-01
 -1.6991507e-01
  7.0198983e-01
 -4.0505660e-01
 -7.8734982e-01
  7.5463551e-01
  5.0649124e-01
  9.1506213e-01
 -1.6220997e-01
  9.8300892e-01
  1.4045566e+00
 -8.7231547e-01
  1.3156958e-01
 -1.0075358e+00
  1.2574552e+00
 -4.9505663e-01
  3.0496529e-01
 -1.3220211e+00
  2.2112507e-01
 -9.6646148e-01
  2.4288127e-01
 -5.8287489e-01
 -8.0668455e-01
 -6.0076523e-01
 -4.2555135e-02
 -9.6008259e-01
 -1.9924553e-01
 -5.8471102e-02
 -3.7199068e-01
 -4.4142082e-01
 -5.9348041e-01
 -1.2439997e+00
  4.9685773e-02
  2.4344966e-01
 -1.4465747e+00
 -8.5184193e-01
 -8.0364239e-01
 -1.1419636e+00
  5.1757407e-01
 -9.5047885e-01
 -1.4472746e-02
 -1.6818584e+00
  6.1697608e-01
 -1.5224811e+00
 -5.2704269e-01
 -4.8905796e-01
  1.6898816e+00
 -1.1290427e+00
 -2.7329326e-01
  1.6683120e-01
  4.3432987e-01
 -4.1156262e-02
 -3.2008922e-01
  1.3614416e-01
 -6.0647357e-01
 -1.1235931e+00
  4.9805325e-01
 -6.3799918e-01
  1.5794910e-01
 -6.9403186e-02
  5.1716272e-02
  5.9432846e-01
 -3.7719500e+00
  2.4603795e-02
  2.9458359e-01
 -1.9722000e-01
 -1.5301901e+00
  2.2804320e-01
 -2.1356310e-01
 -2.3874636e-01
 -4.9071366e-01
  1.0485489e-01
  5.9400678e-01
  7.1755028e-01
  2.9046655e-01
  8.6640619e-02
  9.8267233e-01
 -1.1766223e+00
  2.4125737e-01
  9.7963923e-01
  1.7052238e-01
 -8.8624996e-01
 -1.0915712e-01
 -6.4733332e-01
 -1.6666184e-01
  3.9847073e-01
  2.4206589e-01
 -9.1723460e-01
 -3.4695047e-01
  3.2605458e-02
  4.0256917e-03
 -1.3717002e+00
 -8.6690325e-01
  4.2675552e-01
  3.5838670e-01
  3.9275464e-02
 -5.7451725e-02
  1.4963445e-01
 -6.1589628e-02
  1.0069729e-01
 -5.4130745e-01
 -1.6447069e-01
 -3.4216702e-01
 -3.5481784e-01
 -3.1723365e-01
  9.6659589e-01
  2.1363363e-01
  8.8055742e-01
 -4.7337726e-01
  3.1197715e-01
 -7.0510185e-01
 -6.0048038e-01
 -9.7758844e-02
 -2.1559882e-01
 -1.5251621e+00
  1.2090648e+00
 -6.4901614e-01
 -5.3077340e-01
  9.0563905e-01
 -4.8366943e-01
 -4.1675538e-01
 -8.5694629e-01
  8.0541390e-01
  1.0953426e+00
 -1.1170347e+00
 -2.5570422e-01
  1.7450963e+00
  4.6785000e-01
  9.0279579e-02
  9.0279579e-02
  9.0279579e-02
  9.0279579e-02
  9.0279579e-02
  9.0279579e-02
  9.0279579e-02
  9.0279579e-02
  9.0279579e-02
  1.7099215e+00
  1.7099215e+00
  1.7099215e+00
  1.7099215e+00
  1.7099215e+00
  4.1860971e-01
  4.1860971e-01
  4.1860971e-01
  4.1860971e-01
  4.1860971e-01
  7.0596121e-02
  7.0596121e-02
  7.0596121e-02
  7.0596121e-02
  7.0596121e-02
  7.5101867e-02
  7.5101867e-02
  7.5101867e-02
  7.5101867e-02
  7.5101867e-02
  1.0207821e+00
  1.0207821e+00
  1.0207821e+00
  1.0207821e+00
  1.0207821e+00
